The value of n is 5
The adjacency matrix (C) is:
[[0 1 1 0 1]
 [1 0 1 1 0]
 [0 1 0 1 1]
 [1 0 1 0 1]
 [1 1 0 1 0]]

The Hamiltonian cycles start here:
The difference is 1
1 8 2 9 3 10 4 6 5 7 1
The number of hamiltonian cycles is 1

The cycles of size 5 start here: 
The number of cycles with size 5 is 0

The number of disjoint edges is 5


The value of n is 6
The adjacency matrix (C) is:
[[0 1 1 0 1 0]
 [0 0 1 1 0 1]
 [1 0 0 1 1 0]
 [0 1 0 0 1 1]
 [1 0 1 0 0 1]
 [1 1 0 1 0 0]]

The Hamiltonian cycles start here:
The difference is 1
1 9 2 10 3 11 4 12 5 7 6 8 1
The number of hamiltonian cycles is 1

The cycles of size 6 start here: 
The number of cycles with size 6 is 0

The number of disjoint edges is 6


The value of n is 7
The adjacency matrix (C) is:
[[0 1 1 0 1 0 1]
 [1 0 1 1 0 1 0]
 [0 1 0 1 1 0 1]
 [1 0 1 0 1 1 0]
 [0 1 0 1 0 1 1]
 [1 0 1 0 1 0 1]
 [1 1 0 1 0 1 0]]

The Hamiltonian cycles start here:
The difference is 1
1 10 2 11 3 12 4 13 5 14 6 8 7 9 1
The difference is 2
1 14 3 9 5 11 7 13 2 8 4 10 6 12 1
The number of hamiltonian cycles is 2

The cycles of size 7 start here: 
The number of cycles with size 7 is 0

The number of disjoint edges is 0


The value of n is 8
The adjacency matrix (C) is:
[[0 1 1 0 1 0 1 0]
 [0 0 1 1 0 1 0 1]
 [1 0 0 1 1 0 1 0]
 [0 1 0 0 1 1 0 1]
 [1 0 1 0 0 1 1 0]
 [0 1 0 1 0 0 1 1]
 [1 0 1 0 1 0 0 1]
 [1 1 0 1 0 1 0 0]]

The Hamiltonian cycles start here:
The difference is 1
1 11 2 12 3 13 4 14 5 15 6 16 7 9 8 10 1
The number of hamiltonian cycles is 1

The cycles of size 8 start here: 
The difference is 2
1 15 3 9 5 11 7 13 1
The difference is 2
2 16 4 10 6 12 8 14 2
The number of cycles with size 8 is 2

The number of disjoint edges is 0


The value of n is 9
The adjacency matrix (C) is:
[[0 1 1 0 1 0 1 0 0]
 [0 0 1 1 0 1 0 1 0]
 [0 0 0 1 1 0 1 0 1]
 [1 0 0 0 1 1 0 1 0]
 [0 1 0 0 0 1 1 0 1]
 [1 0 1 0 0 0 1 1 0]
 [0 1 0 1 0 0 0 1 1]
 [1 0 1 0 1 0 0 0 1]
 [1 1 0 1 0 1 0 0 0]]

The Hamiltonian cycles start here:
The difference is 1
1 12 2 13 3 14 4 15 5 16 6 17 7 18 8 10 9 11 1
The difference is 2
1 16 3 18 5 11 7 13 9 15 2 17 4 10 6 12 8 14 1
The number of hamiltonian cycles is 2

The cycles of size 9 start here: 
The number of cycles with size 9 is 0

The number of disjoint edges is 0


The value of n is 10
The adjacency matrix (C) is:
[[0 1 1 0 1 0 1 0 0 0]
 [0 0 1 1 0 1 0 1 0 0]
 [0 0 0 1 1 0 1 0 1 0]
 [0 0 0 0 1 1 0 1 0 1]
 [1 0 0 0 0 1 1 0 1 0]
 [0 1 0 0 0 0 1 1 0 1]
 [1 0 1 0 0 0 0 1 1 0]
 [0 1 0 1 0 0 0 0 1 1]
 [1 0 1 0 1 0 0 0 0 1]
 [1 1 0 1 0 1 0 0 0 0]]

The Hamiltonian cycles start here:
The difference is 1
1 13 2 14 3 15 4 16 5 17 6 18 7 19 8 20 9 11 10 12 1
The number of hamiltonian cycles is 1

The cycles of size 10 start here: 
The difference is 2
1 17 3 19 5 11 7 13 9 15 1
The difference is 2
2 18 4 20 6 12 8 14 10 16 2
The number of cycles with size 10 is 2

The number of disjoint edges is 0


The value of n is 11
The adjacency matrix (C) is:
[[0 1 1 0 1 0 1 0 0 0 1]
 [1 0 1 1 0 1 0 1 0 0 0]
 [0 1 0 1 1 0 1 0 1 0 0]
 [0 0 1 0 1 1 0 1 0 1 0]
 [0 0 0 1 0 1 1 0 1 0 1]
 [1 0 0 0 1 0 1 1 0 1 0]
 [0 1 0 0 0 1 0 1 1 0 1]
 [1 0 1 0 0 0 1 0 1 1 0]
 [0 1 0 1 0 0 0 1 0 1 1]
 [1 0 1 0 1 0 0 0 1 0 1]
 [1 1 0 1 0 1 0 0 0 1 0]]

The Hamiltonian cycles start here:
The difference is 1
1 14 2 15 3 16 4 17 5 18 6 19 7 20 8 21 9 22 10 12 11 13 1
The difference is 2
1 18 3 20 5 22 7 13 9 15 11 17 2 19 4 21 6 12 8 14 10 16 1
The number of hamiltonian cycles is 2

The cycles of size 11 start here: 
The number of cycles with size 11 is 0

The number of disjoint edges is 11


The value of n is 12
The adjacency matrix (C) is:
[[0 1 1 0 1 0 1 0 0 0 1 0]
 [0 0 1 1 0 1 0 1 0 0 0 1]
 [1 0 0 1 1 0 1 0 1 0 0 0]
 [0 1 0 0 1 1 0 1 0 1 0 0]
 [0 0 1 0 0 1 1 0 1 0 1 0]
 [0 0 0 1 0 0 1 1 0 1 0 1]
 [1 0 0 0 1 0 0 1 1 0 1 0]
 [0 1 0 0 0 1 0 0 1 1 0 1]
 [1 0 1 0 0 0 1 0 0 1 1 0]
 [0 1 0 1 0 0 0 1 0 0 1 1]
 [1 0 1 0 1 0 0 0 1 0 0 1]
 [1 1 0 1 0 1 0 0 0 1 0 0]]

The Hamiltonian cycles start here:
The difference is 1
1 15 2 16 3 17 4 18 5 19 6 20 7 21 8 22 9 23 10 24 11 13 12 14 1
The number of hamiltonian cycles is 1

The cycles of size 12 start here: 
The difference is 2
1 19 3 21 5 23 7 13 9 15 11 17 1
The difference is 2
2 20 4 22 6 24 8 14 10 16 12 18 2
The number of cycles with size 12 is 2

The number of disjoint edges is 12


The value of n is 13
The adjacency matrix (C) is:
[[0 1 1 0 1 0 1 0 0 0 1 0 1]
 [1 0 1 1 0 1 0 1 0 0 0 1 0]
 [0 1 0 1 1 0 1 0 1 0 0 0 1]
 [1 0 1 0 1 1 0 1 0 1 0 0 0]
 [0 1 0 1 0 1 1 0 1 0 1 0 0]
 [0 0 1 0 1 0 1 1 0 1 0 1 0]
 [0 0 0 1 0 1 0 1 1 0 1 0 1]
 [1 0 0 0 1 0 1 0 1 1 0 1 0]
 [0 1 0 0 0 1 0 1 0 1 1 0 1]
 [1 0 1 0 0 0 1 0 1 0 1 1 0]
 [0 1 0 1 0 0 0 1 0 1 0 1 1]
 [1 0 1 0 1 0 0 0 1 0 1 0 1]
 [1 1 0 1 0 1 0 0 0 1 0 1 0]]

The Hamiltonian cycles start here:
The difference is 1
1 16 2 17 3 18 4 19 5 20 6 21 7 22 8 23 9 24 10 25 11 26 12 14 13 15 1
The difference is 2
1 20 3 22 5 24 7 26 9 15 11 17 13 19 2 21 4 23 6 25 8 14 10 16 12 18 1
The difference is 2
1 26 3 15 5 17 7 19 9 21 11 23 13 25 2 14 4 16 6 18 8 20 10 22 12 24 1
The number of hamiltonian cycles is 3

The cycles of size 13 start here: 
The number of cycles with size 13 is 0

The number of disjoint edges is 0


The value of n is 14
The adjacency matrix (C) is:
[[0 1 1 0 1 0 1 0 0 0 1 0 1 0]
 [0 0 1 1 0 1 0 1 0 0 0 1 0 1]
 [1 0 0 1 1 0 1 0 1 0 0 0 1 0]
 [0 1 0 0 1 1 0 1 0 1 0 0 0 1]
 [1 0 1 0 0 1 1 0 1 0 1 0 0 0]
 [0 1 0 1 0 0 1 1 0 1 0 1 0 0]
 [0 0 1 0 1 0 0 1 1 0 1 0 1 0]
 [0 0 0 1 0 1 0 0 1 1 0 1 0 1]
 [1 0 0 0 1 0 1 0 0 1 1 0 1 0]
 [0 1 0 0 0 1 0 1 0 0 1 1 0 1]
 [1 0 1 0 0 0 1 0 1 0 0 1 1 0]
 [0 1 0 1 0 0 0 1 0 1 0 0 1 1]
 [1 0 1 0 1 0 0 0 1 0 1 0 0 1]
 [1 1 0 1 0 1 0 0 0 1 0 1 0 0]]

The Hamiltonian cycles start here:
The difference is 1
1 17 2 18 3 19 4 20 5 21 6 22 7 23 8 24 9 25 10 26 11 27 12 28 13 15 14 16 1
The number of hamiltonian cycles is 1

The cycles of size 14 start here: 
The difference is 2
1 21 3 23 5 25 7 27 9 15 11 17 13 19 1
The difference is 2
1 27 3 15 5 17 7 19 9 21 11 23 13 25 1
The difference is 2
2 22 4 24 6 26 8 28 10 16 12 18 14 20 2
The difference is 2
2 28 4 16 6 18 8 20 10 22 12 24 14 26 2
The number of cycles with size 14 is 4

The number of disjoint edges is 0


The value of n is 15
The adjacency matrix (C) is:
[[0 1 1 0 1 0 1 0 0 0 1 0 1 0 0]
 [0 0 1 1 0 1 0 1 0 0 0 1 0 1 0]
 [0 0 0 1 1 0 1 0 1 0 0 0 1 0 1]
 [1 0 0 0 1 1 0 1 0 1 0 0 0 1 0]
 [0 1 0 0 0 1 1 0 1 0 1 0 0 0 1]
 [1 0 1 0 0 0 1 1 0 1 0 1 0 0 0]
 [0 1 0 1 0 0 0 1 1 0 1 0 1 0 0]
 [0 0 1 0 1 0 0 0 1 1 0 1 0 1 0]
 [0 0 0 1 0 1 0 0 0 1 1 0 1 0 1]
 [1 0 0 0 1 0 1 0 0 0 1 1 0 1 0]
 [0 1 0 0 0 1 0 1 0 0 0 1 1 0 1]
 [1 0 1 0 0 0 1 0 1 0 0 0 1 1 0]
 [0 1 0 1 0 0 0 1 0 1 0 0 0 1 1]
 [1 0 1 0 1 0 0 0 1 0 1 0 0 0 1]
 [1 1 0 1 0 1 0 0 0 1 0 1 0 0 0]]

The Hamiltonian cycles start here:
The difference is 1
1 18 2 19 3 20 4 21 5 22 6 23 7 24 8 25 9 26 10 27 11 28 12 29 13 30 14 16 15 17 1
The difference is 2
1 22 3 24 5 26 7 28 9 30 11 17 13 19 15 21 2 23 4 25 6 27 8 29 10 16 12 18 14 20 1
The difference is 2
1 28 3 30 5 17 7 19 9 21 11 23 13 25 15 27 2 29 4 16 6 18 8 20 10 22 12 24 14 26 1
The number of hamiltonian cycles is 3

The cycles of size 15 start here: 
The number of cycles with size 15 is 0

The number of disjoint edges is 0


The value of n is 16
The adjacency matrix (C) is:
[[0 1 1 0 1 0 1 0 0 0 1 0 1 0 0 0]
 [0 0 1 1 0 1 0 1 0 0 0 1 0 1 0 0]
 [0 0 0 1 1 0 1 0 1 0 0 0 1 0 1 0]
 [0 0 0 0 1 1 0 1 0 1 0 0 0 1 0 1]
 [1 0 0 0 0 1 1 0 1 0 1 0 0 0 1 0]
 [0 1 0 0 0 0 1 1 0 1 0 1 0 0 0 1]
 [1 0 1 0 0 0 0 1 1 0 1 0 1 0 0 0]
 [0 1 0 1 0 0 0 0 1 1 0 1 0 1 0 0]
 [0 0 1 0 1 0 0 0 0 1 1 0 1 0 1 0]
 [0 0 0 1 0 1 0 0 0 0 1 1 0 1 0 1]
 [1 0 0 0 1 0 1 0 0 0 0 1 1 0 1 0]
 [0 1 0 0 0 1 0 1 0 0 0 0 1 1 0 1]
 [1 0 1 0 0 0 1 0 1 0 0 0 0 1 1 0]
 [0 1 0 1 0 0 0 1 0 1 0 0 0 0 1 1]
 [1 0 1 0 1 0 0 0 1 0 1 0 0 0 0 1]
 [1 1 0 1 0 1 0 0 0 1 0 1 0 0 0 0]]

The Hamiltonian cycles start here:
The difference is 1
1 19 2 20 3 21 4 22 5 23 6 24 7 25 8 26 9 27 10 28 11 29 12 30 13 31 14 32 15 17 16 18 1
The number of hamiltonian cycles is 1

The cycles of size 16 start here: 
The difference is 2
1 23 3 25 5 27 7 29 9 31 11 17 13 19 15 21 1
The difference is 2
1 29 3 31 5 17 7 19 9 21 11 23 13 25 15 27 1
The difference is 2
2 24 4 26 6 28 8 30 10 32 12 18 14 20 16 22 2
The difference is 2
2 30 4 32 6 18 8 20 10 22 12 24 14 26 16 28 2
The number of cycles with size 16 is 4

The number of disjoint edges is 0


The value of n is 17
The adjacency matrix (C) is:
[[0 1 1 0 1 0 1 0 0 0 1 0 1 0 0 0 1]
 [1 0 1 1 0 1 0 1 0 0 0 1 0 1 0 0 0]
 [0 1 0 1 1 0 1 0 1 0 0 0 1 0 1 0 0]
 [0 0 1 0 1 1 0 1 0 1 0 0 0 1 0 1 0]
 [0 0 0 1 0 1 1 0 1 0 1 0 0 0 1 0 1]
 [1 0 0 0 1 0 1 1 0 1 0 1 0 0 0 1 0]
 [0 1 0 0 0 1 0 1 1 0 1 0 1 0 0 0 1]
 [1 0 1 0 0 0 1 0 1 1 0 1 0 1 0 0 0]
 [0 1 0 1 0 0 0 1 0 1 1 0 1 0 1 0 0]
 [0 0 1 0 1 0 0 0 1 0 1 1 0 1 0 1 0]
 [0 0 0 1 0 1 0 0 0 1 0 1 1 0 1 0 1]
 [1 0 0 0 1 0 1 0 0 0 1 0 1 1 0 1 0]
 [0 1 0 0 0 1 0 1 0 0 0 1 0 1 1 0 1]
 [1 0 1 0 0 0 1 0 1 0 0 0 1 0 1 1 0]
 [0 1 0 1 0 0 0 1 0 1 0 0 0 1 0 1 1]
 [1 0 1 0 1 0 0 0 1 0 1 0 0 0 1 0 1]
 [1 1 0 1 0 1 0 0 0 1 0 1 0 0 0 1 0]]

The Hamiltonian cycles start here:
The difference is 1
1 20 2 21 3 22 4 23 5 24 6 25 7 26 8 27 9 28 10 29 11 30 12 31 13 32 14 33 15 34 16 18 17 19 1
The difference is 2
1 24 3 26 5 28 7 30 9 32 11 34 13 19 15 21 17 23 2 25 4 27 6 29 8 31 10 33 12 18 14 20 16 22 1
The difference is 2
1 30 3 32 5 34 7 19 9 21 11 23 13 25 15 27 17 29 2 31 4 33 6 18 8 20 10 22 12 24 14 26 16 28 1
The number of hamiltonian cycles is 3

The cycles of size 17 start here: 
The number of cycles with size 17 is 0

The number of disjoint edges is 17


The value of n is 18
The adjacency matrix (C) is:
[[0 1 1 0 1 0 1 0 0 0 1 0 1 0 0 0 1 0]
 [0 0 1 1 0 1 0 1 0 0 0 1 0 1 0 0 0 1]
 [1 0 0 1 1 0 1 0 1 0 0 0 1 0 1 0 0 0]
 [0 1 0 0 1 1 0 1 0 1 0 0 0 1 0 1 0 0]
 [0 0 1 0 0 1 1 0 1 0 1 0 0 0 1 0 1 0]
 [0 0 0 1 0 0 1 1 0 1 0 1 0 0 0 1 0 1]
 [1 0 0 0 1 0 0 1 1 0 1 0 1 0 0 0 1 0]
 [0 1 0 0 0 1 0 0 1 1 0 1 0 1 0 0 0 1]
 [1 0 1 0 0 0 1 0 0 1 1 0 1 0 1 0 0 0]
 [0 1 0 1 0 0 0 1 0 0 1 1 0 1 0 1 0 0]
 [0 0 1 0 1 0 0 0 1 0 0 1 1 0 1 0 1 0]
 [0 0 0 1 0 1 0 0 0 1 0 0 1 1 0 1 0 1]
 [1 0 0 0 1 0 1 0 0 0 1 0 0 1 1 0 1 0]
 [0 1 0 0 0 1 0 1 0 0 0 1 0 0 1 1 0 1]
 [1 0 1 0 0 0 1 0 1 0 0 0 1 0 0 1 1 0]
 [0 1 0 1 0 0 0 1 0 1 0 0 0 1 0 0 1 1]
 [1 0 1 0 1 0 0 0 1 0 1 0 0 0 1 0 0 1]
 [1 1 0 1 0 1 0 0 0 1 0 1 0 0 0 1 0 0]]

The Hamiltonian cycles start here:
The difference is 1
1 21 2 22 3 23 4 24 5 25 6 26 7 27 8 28 9 29 10 30 11 31 12 32 13 33 14 34 15 35 16 36 17 19 18 20 1
The number of hamiltonian cycles is 1

The cycles of size 18 start here: 
The difference is 2
1 25 3 27 5 29 7 31 9 33 11 35 13 19 15 21 17 23 1
The difference is 2
1 31 3 33 5 35 7 19 9 21 11 23 13 25 15 27 17 29 1
The difference is 2
2 26 4 28 6 30 8 32 10 34 12 36 14 20 16 22 18 24 2
The difference is 2
2 32 4 34 6 36 8 20 10 22 12 24 14 26 16 28 18 30 2
The number of cycles with size 18 is 4

The number of disjoint edges is 18


The value of n is 19
The adjacency matrix (C) is:
[[0 1 1 0 1 0 1 0 0 0 1 0 1 0 0 0 1 0 1]
 [1 0 1 1 0 1 0 1 0 0 0 1 0 1 0 0 0 1 0]
 [0 1 0 1 1 0 1 0 1 0 0 0 1 0 1 0 0 0 1]
 [1 0 1 0 1 1 0 1 0 1 0 0 0 1 0 1 0 0 0]
 [0 1 0 1 0 1 1 0 1 0 1 0 0 0 1 0 1 0 0]
 [0 0 1 0 1 0 1 1 0 1 0 1 0 0 0 1 0 1 0]
 [0 0 0 1 0 1 0 1 1 0 1 0 1 0 0 0 1 0 1]
 [1 0 0 0 1 0 1 0 1 1 0 1 0 1 0 0 0 1 0]
 [0 1 0 0 0 1 0 1 0 1 1 0 1 0 1 0 0 0 1]
 [1 0 1 0 0 0 1 0 1 0 1 1 0 1 0 1 0 0 0]
 [0 1 0 1 0 0 0 1 0 1 0 1 1 0 1 0 1 0 0]
 [0 0 1 0 1 0 0 0 1 0 1 0 1 1 0 1 0 1 0]
 [0 0 0 1 0 1 0 0 0 1 0 1 0 1 1 0 1 0 1]
 [1 0 0 0 1 0 1 0 0 0 1 0 1 0 1 1 0 1 0]
 [0 1 0 0 0 1 0 1 0 0 0 1 0 1 0 1 1 0 1]
 [1 0 1 0 0 0 1 0 1 0 0 0 1 0 1 0 1 1 0]
 [0 1 0 1 0 0 0 1 0 1 0 0 0 1 0 1 0 1 1]
 [1 0 1 0 1 0 0 0 1 0 1 0 0 0 1 0 1 0 1]
 [1 1 0 1 0 1 0 0 0 1 0 1 0 0 0 1 0 1 0]]

The Hamiltonian cycles start here:
The difference is 1
1 22 2 23 3 24 4 25 5 26 6 27 7 28 8 29 9 30 10 31 11 32 12 33 13 34 14 35 15 36 16 37 17 38 18 20 19 21 1
The difference is 2
1 26 3 28 5 30 7 32 9 34 11 36 13 38 15 21 17 23 19 25 2 27 4 29 6 31 8 33 10 35 12 37 14 20 16 22 18 24 1
The difference is 2
1 32 3 34 5 36 7 38 9 21 11 23 13 25 15 27 17 29 19 31 2 33 4 35 6 37 8 20 10 22 12 24 14 26 16 28 18 30 1
The difference is 2
1 38 3 21 5 23 7 25 9 27 11 29 13 31 15 33 17 35 19 37 2 20 4 22 6 24 8 26 10 28 12 30 14 32 16 34 18 36 1
The number of hamiltonian cycles is 4

The cycles of size 19 start here: 
The number of cycles with size 19 is 0

The number of disjoint edges is 0


The value of n is 20
The adjacency matrix (C) is:
[[0 1 1 0 1 0 1 0 0 0 1 0 1 0 0 0 1 0 1 0]
 [0 0 1 1 0 1 0 1 0 0 0 1 0 1 0 0 0 1 0 1]
 [1 0 0 1 1 0 1 0 1 0 0 0 1 0 1 0 0 0 1 0]
 [0 1 0 0 1 1 0 1 0 1 0 0 0 1 0 1 0 0 0 1]
 [1 0 1 0 0 1 1 0 1 0 1 0 0 0 1 0 1 0 0 0]
 [0 1 0 1 0 0 1 1 0 1 0 1 0 0 0 1 0 1 0 0]
 [0 0 1 0 1 0 0 1 1 0 1 0 1 0 0 0 1 0 1 0]
 [0 0 0 1 0 1 0 0 1 1 0 1 0 1 0 0 0 1 0 1]
 [1 0 0 0 1 0 1 0 0 1 1 0 1 0 1 0 0 0 1 0]
 [0 1 0 0 0 1 0 1 0 0 1 1 0 1 0 1 0 0 0 1]
 [1 0 1 0 0 0 1 0 1 0 0 1 1 0 1 0 1 0 0 0]
 [0 1 0 1 0 0 0 1 0 1 0 0 1 1 0 1 0 1 0 0]
 [0 0 1 0 1 0 0 0 1 0 1 0 0 1 1 0 1 0 1 0]
 [0 0 0 1 0 1 0 0 0 1 0 1 0 0 1 1 0 1 0 1]
 [1 0 0 0 1 0 1 0 0 0 1 0 1 0 0 1 1 0 1 0]
 [0 1 0 0 0 1 0 1 0 0 0 1 0 1 0 0 1 1 0 1]
 [1 0 1 0 0 0 1 0 1 0 0 0 1 0 1 0 0 1 1 0]
 [0 1 0 1 0 0 0 1 0 1 0 0 0 1 0 1 0 0 1 1]
 [1 0 1 0 1 0 0 0 1 0 1 0 0 0 1 0 1 0 0 1]
 [1 1 0 1 0 1 0 0 0 1 0 1 0 0 0 1 0 1 0 0]]

The Hamiltonian cycles start here:
The difference is 1
1 23 2 24 3 25 4 26 5 27 6 28 7 29 8 30 9 31 10 32 11 33 12 34 13 35 14 36 15 37 16 38 17 39 18 40 19 21 20 22 1
The number of hamiltonian cycles is 1

The cycles of size 20 start here: 
The difference is 2
1 27 3 29 5 31 7 33 9 35 11 37 13 39 15 21 17 23 19 25 1
The difference is 2
1 33 3 35 5 37 7 39 9 21 11 23 13 25 15 27 17 29 19 31 1
The difference is 2
1 39 3 21 5 23 7 25 9 27 11 29 13 31 15 33 17 35 19 37 1
The difference is 2
2 28 4 30 6 32 8 34 10 36 12 38 14 40 16 22 18 24 20 26 2
The difference is 2
2 34 4 36 6 38 8 40 10 22 12 24 14 26 16 28 18 30 20 32 2
The difference is 2
2 40 4 22 6 24 8 26 10 28 12 30 14 32 16 34 18 36 20 38 2
The number of cycles with size 20 is 6

The number of disjoint edges is 0


The value of n is 21
The adjacency matrix (C) is:
[[0 1 1 0 1 0 1 0 0 0 1 0 1 0 0 0 1 0 1 0 0]
 [0 0 1 1 0 1 0 1 0 0 0 1 0 1 0 0 0 1 0 1 0]
 [0 0 0 1 1 0 1 0 1 0 0 0 1 0 1 0 0 0 1 0 1]
 [1 0 0 0 1 1 0 1 0 1 0 0 0 1 0 1 0 0 0 1 0]
 [0 1 0 0 0 1 1 0 1 0 1 0 0 0 1 0 1 0 0 0 1]
 [1 0 1 0 0 0 1 1 0 1 0 1 0 0 0 1 0 1 0 0 0]
 [0 1 0 1 0 0 0 1 1 0 1 0 1 0 0 0 1 0 1 0 0]
 [0 0 1 0 1 0 0 0 1 1 0 1 0 1 0 0 0 1 0 1 0]
 [0 0 0 1 0 1 0 0 0 1 1 0 1 0 1 0 0 0 1 0 1]
 [1 0 0 0 1 0 1 0 0 0 1 1 0 1 0 1 0 0 0 1 0]
 [0 1 0 0 0 1 0 1 0 0 0 1 1 0 1 0 1 0 0 0 1]
 [1 0 1 0 0 0 1 0 1 0 0 0 1 1 0 1 0 1 0 0 0]
 [0 1 0 1 0 0 0 1 0 1 0 0 0 1 1 0 1 0 1 0 0]
 [0 0 1 0 1 0 0 0 1 0 1 0 0 0 1 1 0 1 0 1 0]
 [0 0 0 1 0 1 0 0 0 1 0 1 0 0 0 1 1 0 1 0 1]
 [1 0 0 0 1 0 1 0 0 0 1 0 1 0 0 0 1 1 0 1 0]
 [0 1 0 0 0 1 0 1 0 0 0 1 0 1 0 0 0 1 1 0 1]
 [1 0 1 0 0 0 1 0 1 0 0 0 1 0 1 0 0 0 1 1 0]
 [0 1 0 1 0 0 0 1 0 1 0 0 0 1 0 1 0 0 0 1 1]
 [1 0 1 0 1 0 0 0 1 0 1 0 0 0 1 0 1 0 0 0 1]
 [1 1 0 1 0 1 0 0 0 1 0 1 0 0 0 1 0 1 0 0 0]]

The Hamiltonian cycles start here:
The difference is 1
1 24 2 25 3 26 4 27 5 28 6 29 7 30 8 31 9 32 10 33 11 34 12 35 13 36 14 37 15 38 16 39 17 40 18 41 19 42 20 22 21 23 1
The difference is 2
1 28 3 30 5 32 7 34 9 36 11 38 13 40 15 42 17 23 19 25 21 27 2 29 4 31 6 33 8 35 10 37 12 39 14 41 16 22 18 24 20 26 1
The difference is 2
1 34 3 36 5 38 7 40 9 42 11 23 13 25 15 27 17 29 19 31 21 33 2 35 4 37 6 39 8 41 10 22 12 24 14 26 16 28 18 30 20 32 1
The difference is 2
1 40 3 42 5 23 7 25 9 27 11 29 13 31 15 33 17 35 19 37 21 39 2 41 4 22 6 24 8 26 10 28 12 30 14 32 16 34 18 36 20 38 1
The number of hamiltonian cycles is 4

The cycles of size 21 start here: 
The number of cycles with size 21 is 0

The number of disjoint edges is 0


The value of n is 22
The adjacency matrix (C) is:
[[0 1 1 0 1 0 1 0 0 0 1 0 1 0 0 0 1 0 1 0 0 0]
 [0 0 1 1 0 1 0 1 0 0 0 1 0 1 0 0 0 1 0 1 0 0]
 [0 0 0 1 1 0 1 0 1 0 0 0 1 0 1 0 0 0 1 0 1 0]
 [0 0 0 0 1 1 0 1 0 1 0 0 0 1 0 1 0 0 0 1 0 1]
 [1 0 0 0 0 1 1 0 1 0 1 0 0 0 1 0 1 0 0 0 1 0]
 [0 1 0 0 0 0 1 1 0 1 0 1 0 0 0 1 0 1 0 0 0 1]
 [1 0 1 0 0 0 0 1 1 0 1 0 1 0 0 0 1 0 1 0 0 0]
 [0 1 0 1 0 0 0 0 1 1 0 1 0 1 0 0 0 1 0 1 0 0]
 [0 0 1 0 1 0 0 0 0 1 1 0 1 0 1 0 0 0 1 0 1 0]
 [0 0 0 1 0 1 0 0 0 0 1 1 0 1 0 1 0 0 0 1 0 1]
 [1 0 0 0 1 0 1 0 0 0 0 1 1 0 1 0 1 0 0 0 1 0]
 [0 1 0 0 0 1 0 1 0 0 0 0 1 1 0 1 0 1 0 0 0 1]
 [1 0 1 0 0 0 1 0 1 0 0 0 0 1 1 0 1 0 1 0 0 0]
 [0 1 0 1 0 0 0 1 0 1 0 0 0 0 1 1 0 1 0 1 0 0]
 [0 0 1 0 1 0 0 0 1 0 1 0 0 0 0 1 1 0 1 0 1 0]
 [0 0 0 1 0 1 0 0 0 1 0 1 0 0 0 0 1 1 0 1 0 1]
 [1 0 0 0 1 0 1 0 0 0 1 0 1 0 0 0 0 1 1 0 1 0]
 [0 1 0 0 0 1 0 1 0 0 0 1 0 1 0 0 0 0 1 1 0 1]
 [1 0 1 0 0 0 1 0 1 0 0 0 1 0 1 0 0 0 0 1 1 0]
 [0 1 0 1 0 0 0 1 0 1 0 0 0 1 0 1 0 0 0 0 1 1]
 [1 0 1 0 1 0 0 0 1 0 1 0 0 0 1 0 1 0 0 0 0 1]
 [1 1 0 1 0 1 0 0 0 1 0 1 0 0 0 1 0 1 0 0 0 0]]

The Hamiltonian cycles start here:
The difference is 1
1 25 2 26 3 27 4 28 5 29 6 30 7 31 8 32 9 33 10 34 11 35 12 36 13 37 14 38 15 39 16 40 17 41 18 42 19 43 20 44 21 23 22 24 1
The number of hamiltonian cycles is 1

The cycles of size 22 start here: 
The difference is 2
1 29 3 31 5 33 7 35 9 37 11 39 13 41 15 43 17 23 19 25 21 27 1
The difference is 2
1 35 3 37 5 39 7 41 9 43 11 23 13 25 15 27 17 29 19 31 21 33 1
The difference is 2
1 41 3 43 5 23 7 25 9 27 11 29 13 31 15 33 17 35 19 37 21 39 1
The difference is 2
2 30 4 32 6 34 8 36 10 38 12 40 14 42 16 44 18 24 20 26 22 28 2
The difference is 2
2 36 4 38 6 40 8 42 10 44 12 24 14 26 16 28 18 30 20 32 22 34 2
The difference is 2
2 42 4 44 6 24 8 26 10 28 12 30 14 32 16 34 18 36 20 38 22 40 2
The number of cycles with size 22 is 6

The number of disjoint edges is 0


The value of n is 23
The adjacency matrix (C) is:
[[0 1 1 0 1 0 1 0 0 0 1 0 1 0 0 0 1 0 1 0 0 0 1]
 [1 0 1 1 0 1 0 1 0 0 0 1 0 1 0 0 0 1 0 1 0 0 0]
 [0 1 0 1 1 0 1 0 1 0 0 0 1 0 1 0 0 0 1 0 1 0 0]
 [0 0 1 0 1 1 0 1 0 1 0 0 0 1 0 1 0 0 0 1 0 1 0]
 [0 0 0 1 0 1 1 0 1 0 1 0 0 0 1 0 1 0 0 0 1 0 1]
 [1 0 0 0 1 0 1 1 0 1 0 1 0 0 0 1 0 1 0 0 0 1 0]
 [0 1 0 0 0 1 0 1 1 0 1 0 1 0 0 0 1 0 1 0 0 0 1]
 [1 0 1 0 0 0 1 0 1 1 0 1 0 1 0 0 0 1 0 1 0 0 0]
 [0 1 0 1 0 0 0 1 0 1 1 0 1 0 1 0 0 0 1 0 1 0 0]
 [0 0 1 0 1 0 0 0 1 0 1 1 0 1 0 1 0 0 0 1 0 1 0]
 [0 0 0 1 0 1 0 0 0 1 0 1 1 0 1 0 1 0 0 0 1 0 1]
 [1 0 0 0 1 0 1 0 0 0 1 0 1 1 0 1 0 1 0 0 0 1 0]
 [0 1 0 0 0 1 0 1 0 0 0 1 0 1 1 0 1 0 1 0 0 0 1]
 [1 0 1 0 0 0 1 0 1 0 0 0 1 0 1 1 0 1 0 1 0 0 0]
 [0 1 0 1 0 0 0 1 0 1 0 0 0 1 0 1 1 0 1 0 1 0 0]
 [0 0 1 0 1 0 0 0 1 0 1 0 0 0 1 0 1 1 0 1 0 1 0]
 [0 0 0 1 0 1 0 0 0 1 0 1 0 0 0 1 0 1 1 0 1 0 1]
 [1 0 0 0 1 0 1 0 0 0 1 0 1 0 0 0 1 0 1 1 0 1 0]
 [0 1 0 0 0 1 0 1 0 0 0 1 0 1 0 0 0 1 0 1 1 0 1]
 [1 0 1 0 0 0 1 0 1 0 0 0 1 0 1 0 0 0 1 0 1 1 0]
 [0 1 0 1 0 0 0 1 0 1 0 0 0 1 0 1 0 0 0 1 0 1 1]
 [1 0 1 0 1 0 0 0 1 0 1 0 0 0 1 0 1 0 0 0 1 0 1]
 [1 1 0 1 0 1 0 0 0 1 0 1 0 0 0 1 0 1 0 0 0 1 0]]

The Hamiltonian cycles start here:
The difference is 1
1 26 2 27 3 28 4 29 5 30 6 31 7 32 8 33 9 34 10 35 11 36 12 37 13 38 14 39 15 40 16 41 17 42 18 43 19 44 20 45 21 46 22 24 23 25 1
The difference is 2
1 30 3 32 5 34 7 36 9 38 11 40 13 42 15 44 17 46 19 25 21 27 23 29 2 31 4 33 6 35 8 37 10 39 12 41 14 43 16 45 18 24 20 26 22 28 1
The difference is 2
1 36 3 38 5 40 7 42 9 44 11 46 13 25 15 27 17 29 19 31 21 33 23 35 2 37 4 39 6 41 8 43 10 45 12 24 14 26 16 28 18 30 20 32 22 34 1
The difference is 2
1 42 3 44 5 46 7 25 9 27 11 29 13 31 15 33 17 35 19 37 21 39 23 41 2 43 4 45 6 24 8 26 10 28 12 30 14 32 16 34 18 36 20 38 22 40 1
The number of hamiltonian cycles is 4

The cycles of size 23 start here: 
The number of cycles with size 23 is 0

The number of disjoint edges is 23


The value of n is 24
The adjacency matrix (C) is:
[[0 1 1 0 1 0 1 0 0 0 1 0 1 0 0 0 1 0 1 0 0 0 1 0]
 [0 0 1 1 0 1 0 1 0 0 0 1 0 1 0 0 0 1 0 1 0 0 0 1]
 [1 0 0 1 1 0 1 0 1 0 0 0 1 0 1 0 0 0 1 0 1 0 0 0]
 [0 1 0 0 1 1 0 1 0 1 0 0 0 1 0 1 0 0 0 1 0 1 0 0]
 [0 0 1 0 0 1 1 0 1 0 1 0 0 0 1 0 1 0 0 0 1 0 1 0]
 [0 0 0 1 0 0 1 1 0 1 0 1 0 0 0 1 0 1 0 0 0 1 0 1]
 [1 0 0 0 1 0 0 1 1 0 1 0 1 0 0 0 1 0 1 0 0 0 1 0]
 [0 1 0 0 0 1 0 0 1 1 0 1 0 1 0 0 0 1 0 1 0 0 0 1]
 [1 0 1 0 0 0 1 0 0 1 1 0 1 0 1 0 0 0 1 0 1 0 0 0]
 [0 1 0 1 0 0 0 1 0 0 1 1 0 1 0 1 0 0 0 1 0 1 0 0]
 [0 0 1 0 1 0 0 0 1 0 0 1 1 0 1 0 1 0 0 0 1 0 1 0]
 [0 0 0 1 0 1 0 0 0 1 0 0 1 1 0 1 0 1 0 0 0 1 0 1]
 [1 0 0 0 1 0 1 0 0 0 1 0 0 1 1 0 1 0 1 0 0 0 1 0]
 [0 1 0 0 0 1 0 1 0 0 0 1 0 0 1 1 0 1 0 1 0 0 0 1]
 [1 0 1 0 0 0 1 0 1 0 0 0 1 0 0 1 1 0 1 0 1 0 0 0]
 [0 1 0 1 0 0 0 1 0 1 0 0 0 1 0 0 1 1 0 1 0 1 0 0]
 [0 0 1 0 1 0 0 0 1 0 1 0 0 0 1 0 0 1 1 0 1 0 1 0]
 [0 0 0 1 0 1 0 0 0 1 0 1 0 0 0 1 0 0 1 1 0 1 0 1]
 [1 0 0 0 1 0 1 0 0 0 1 0 1 0 0 0 1 0 0 1 1 0 1 0]
 [0 1 0 0 0 1 0 1 0 0 0 1 0 1 0 0 0 1 0 0 1 1 0 1]
 [1 0 1 0 0 0 1 0 1 0 0 0 1 0 1 0 0 0 1 0 0 1 1 0]
 [0 1 0 1 0 0 0 1 0 1 0 0 0 1 0 1 0 0 0 1 0 0 1 1]
 [1 0 1 0 1 0 0 0 1 0 1 0 0 0 1 0 1 0 0 0 1 0 0 1]
 [1 1 0 1 0 1 0 0 0 1 0 1 0 0 0 1 0 1 0 0 0 1 0 0]]

The Hamiltonian cycles start here:
The difference is 1
1 27 2 28 3 29 4 30 5 31 6 32 7 33 8 34 9 35 10 36 11 37 12 38 13 39 14 40 15 41 16 42 17 43 18 44 19 45 20 46 21 47 22 48 23 25 24 26 1
The number of hamiltonian cycles is 1

The cycles of size 24 start here: 
The difference is 2
1 31 3 33 5 35 7 37 9 39 11 41 13 43 15 45 17 47 19 25 21 27 23 29 1
The difference is 2
1 37 3 39 5 41 7 43 9 45 11 47 13 25 15 27 17 29 19 31 21 33 23 35 1
The difference is 2
1 43 3 45 5 47 7 25 9 27 11 29 13 31 15 33 17 35 19 37 21 39 23 41 1
The difference is 2
2 32 4 34 6 36 8 38 10 40 12 42 14 44 16 46 18 48 20 26 22 28 24 30 2
The difference is 2
2 38 4 40 6 42 8 44 10 46 12 48 14 26 16 28 18 30 20 32 22 34 24 36 2
The difference is 2
2 44 4 46 6 48 8 26 10 28 12 30 14 32 16 34 18 36 20 38 22 40 24 42 2
The number of cycles with size 24 is 6

The number of disjoint edges is 24


The value of n is 25
The adjacency matrix (C) is:
[[0 1 1 0 1 0 1 0 0 0 1 0 1 0 0 0 1 0 1 0 0 0 1 0 0]
 [0 0 1 1 0 1 0 1 0 0 0 1 0 1 0 0 0 1 0 1 0 0 0 1 0]
 [0 0 0 1 1 0 1 0 1 0 0 0 1 0 1 0 0 0 1 0 1 0 0 0 1]
 [1 0 0 0 1 1 0 1 0 1 0 0 0 1 0 1 0 0 0 1 0 1 0 0 0]
 [0 1 0 0 0 1 1 0 1 0 1 0 0 0 1 0 1 0 0 0 1 0 1 0 0]
 [0 0 1 0 0 0 1 1 0 1 0 1 0 0 0 1 0 1 0 0 0 1 0 1 0]
 [0 0 0 1 0 0 0 1 1 0 1 0 1 0 0 0 1 0 1 0 0 0 1 0 1]
 [1 0 0 0 1 0 0 0 1 1 0 1 0 1 0 0 0 1 0 1 0 0 0 1 0]
 [0 1 0 0 0 1 0 0 0 1 1 0 1 0 1 0 0 0 1 0 1 0 0 0 1]
 [1 0 1 0 0 0 1 0 0 0 1 1 0 1 0 1 0 0 0 1 0 1 0 0 0]
 [0 1 0 1 0 0 0 1 0 0 0 1 1 0 1 0 1 0 0 0 1 0 1 0 0]
 [0 0 1 0 1 0 0 0 1 0 0 0 1 1 0 1 0 1 0 0 0 1 0 1 0]
 [0 0 0 1 0 1 0 0 0 1 0 0 0 1 1 0 1 0 1 0 0 0 1 0 1]
 [1 0 0 0 1 0 1 0 0 0 1 0 0 0 1 1 0 1 0 1 0 0 0 1 0]
 [0 1 0 0 0 1 0 1 0 0 0 1 0 0 0 1 1 0 1 0 1 0 0 0 1]
 [1 0 1 0 0 0 1 0 1 0 0 0 1 0 0 0 1 1 0 1 0 1 0 0 0]
 [0 1 0 1 0 0 0 1 0 1 0 0 0 1 0 0 0 1 1 0 1 0 1 0 0]
 [0 0 1 0 1 0 0 0 1 0 1 0 0 0 1 0 0 0 1 1 0 1 0 1 0]
 [0 0 0 1 0 1 0 0 0 1 0 1 0 0 0 1 0 0 0 1 1 0 1 0 1]
 [1 0 0 0 1 0 1 0 0 0 1 0 1 0 0 0 1 0 0 0 1 1 0 1 0]
 [0 1 0 0 0 1 0 1 0 0 0 1 0 1 0 0 0 1 0 0 0 1 1 0 1]
 [1 0 1 0 0 0 1 0 1 0 0 0 1 0 1 0 0 0 1 0 0 0 1 1 0]
 [0 1 0 1 0 0 0 1 0 1 0 0 0 1 0 1 0 0 0 1 0 0 0 1 1]
 [1 0 1 0 1 0 0 0 1 0 1 0 0 0 1 0 1 0 0 0 1 0 0 0 1]
 [1 1 0 1 0 1 0 0 0 1 0 1 0 0 0 1 0 1 0 0 0 1 0 0 0]]

The Hamiltonian cycles start here:
The difference is 1
1 28 2 29 3 30 4 31 5 32 6 33 7 34 8 35 9 36 10 37 11 38 12 39 13 40 14 41 15 42 16 43 17 44 18 45 19 46 20 47 21 48 22 49 23 50 24 26 25 27 1
The difference is 2
1 32 3 34 5 36 7 38 9 40 11 42 13 44 15 46 17 48 19 50 21 27 23 29 25 31 2 33 4 35 6 37 8 39 10 41 12 43 14 45 16 47 18 49 20 26 22 28 24 30 1
The difference is 2
1 38 3 40 5 42 7 44 9 46 11 48 13 50 15 27 17 29 19 31 21 33 23 35 25 37 2 39 4 41 6 43 8 45 10 47 12 49 14 26 16 28 18 30 20 32 22 34 24 36 1
The difference is 2
1 44 3 46 5 48 7 50 9 27 11 29 13 31 15 33 17 35 19 37 21 39 23 41 25 43 2 45 4 47 6 49 8 26 10 28 12 30 14 32 16 34 18 36 20 38 22 40 24 42 1
The number of hamiltonian cycles is 4

The cycles of size 25 start here: 
The number of cycles with size 25 is 0

The number of disjoint edges is 25


The value of n is 26
The adjacency matrix (C) is:
[[0 1 1 0 1 0 1 0 0 0 1 0 1 0 0 0 1 0 1 0 0 0 1 0 0 0]
 [0 0 1 1 0 1 0 1 0 0 0 1 0 1 0 0 0 1 0 1 0 0 0 1 0 0]
 [0 0 0 1 1 0 1 0 1 0 0 0 1 0 1 0 0 0 1 0 1 0 0 0 1 0]
 [0 0 0 0 1 1 0 1 0 1 0 0 0 1 0 1 0 0 0 1 0 1 0 0 0 1]
 [1 0 0 0 0 1 1 0 1 0 1 0 0 0 1 0 1 0 0 0 1 0 1 0 0 0]
 [0 1 0 0 0 0 1 1 0 1 0 1 0 0 0 1 0 1 0 0 0 1 0 1 0 0]
 [0 0 1 0 0 0 0 1 1 0 1 0 1 0 0 0 1 0 1 0 0 0 1 0 1 0]
 [0 0 0 1 0 0 0 0 1 1 0 1 0 1 0 0 0 1 0 1 0 0 0 1 0 1]
 [1 0 0 0 1 0 0 0 0 1 1 0 1 0 1 0 0 0 1 0 1 0 0 0 1 0]
 [0 1 0 0 0 1 0 0 0 0 1 1 0 1 0 1 0 0 0 1 0 1 0 0 0 1]
 [1 0 1 0 0 0 1 0 0 0 0 1 1 0 1 0 1 0 0 0 1 0 1 0 0 0]
 [0 1 0 1 0 0 0 1 0 0 0 0 1 1 0 1 0 1 0 0 0 1 0 1 0 0]
 [0 0 1 0 1 0 0 0 1 0 0 0 0 1 1 0 1 0 1 0 0 0 1 0 1 0]
 [0 0 0 1 0 1 0 0 0 1 0 0 0 0 1 1 0 1 0 1 0 0 0 1 0 1]
 [1 0 0 0 1 0 1 0 0 0 1 0 0 0 0 1 1 0 1 0 1 0 0 0 1 0]
 [0 1 0 0 0 1 0 1 0 0 0 1 0 0 0 0 1 1 0 1 0 1 0 0 0 1]
 [1 0 1 0 0 0 1 0 1 0 0 0 1 0 0 0 0 1 1 0 1 0 1 0 0 0]
 [0 1 0 1 0 0 0 1 0 1 0 0 0 1 0 0 0 0 1 1 0 1 0 1 0 0]
 [0 0 1 0 1 0 0 0 1 0 1 0 0 0 1 0 0 0 0 1 1 0 1 0 1 0]
 [0 0 0 1 0 1 0 0 0 1 0 1 0 0 0 1 0 0 0 0 1 1 0 1 0 1]
 [1 0 0 0 1 0 1 0 0 0 1 0 1 0 0 0 1 0 0 0 0 1 1 0 1 0]
 [0 1 0 0 0 1 0 1 0 0 0 1 0 1 0 0 0 1 0 0 0 0 1 1 0 1]
 [1 0 1 0 0 0 1 0 1 0 0 0 1 0 1 0 0 0 1 0 0 0 0 1 1 0]
 [0 1 0 1 0 0 0 1 0 1 0 0 0 1 0 1 0 0 0 1 0 0 0 0 1 1]
 [1 0 1 0 1 0 0 0 1 0 1 0 0 0 1 0 1 0 0 0 1 0 0 0 0 1]
 [1 1 0 1 0 1 0 0 0 1 0 1 0 0 0 1 0 1 0 0 0 1 0 0 0 0]]

The Hamiltonian cycles start here:
The difference is 1
1 29 2 30 3 31 4 32 5 33 6 34 7 35 8 36 9 37 10 38 11 39 12 40 13 41 14 42 15 43 16 44 17 45 18 46 19 47 20 48 21 49 22 50 23 51 24 52 25 27 26 28 1
The number of hamiltonian cycles is 1

The cycles of size 26 start here: 
The difference is 2
1 33 3 35 5 37 7 39 9 41 11 43 13 45 15 47 17 49 19 51 21 27 23 29 25 31 1
The difference is 2
1 39 3 41 5 43 7 45 9 47 11 49 13 51 15 27 17 29 19 31 21 33 23 35 25 37 1
The difference is 2
1 45 3 47 5 49 7 51 9 27 11 29 13 31 15 33 17 35 19 37 21 39 23 41 25 43 1
The difference is 2
2 34 4 36 6 38 8 40 10 42 12 44 14 46 16 48 18 50 20 52 22 28 24 30 26 32 2
The difference is 2
2 40 4 42 6 44 8 46 10 48 12 50 14 52 16 28 18 30 20 32 22 34 24 36 26 38 2
The difference is 2
2 46 4 48 6 50 8 52 10 28 12 30 14 32 16 34 18 36 20 38 22 40 24 42 26 44 2
The number of cycles with size 26 is 6

The number of disjoint edges is 26


The value of n is 27
The adjacency matrix (C) is:
[[0 1 1 0 1 0 1 0 0 0 1 0 1 0 0 0 1 0 1 0 0 0 1 0 0 0 0]
 [0 0 1 1 0 1 0 1 0 0 0 1 0 1 0 0 0 1 0 1 0 0 0 1 0 0 0]
 [0 0 0 1 1 0 1 0 1 0 0 0 1 0 1 0 0 0 1 0 1 0 0 0 1 0 0]
 [0 0 0 0 1 1 0 1 0 1 0 0 0 1 0 1 0 0 0 1 0 1 0 0 0 1 0]
 [0 0 0 0 0 1 1 0 1 0 1 0 0 0 1 0 1 0 0 0 1 0 1 0 0 0 1]
 [1 0 0 0 0 0 1 1 0 1 0 1 0 0 0 1 0 1 0 0 0 1 0 1 0 0 0]
 [0 1 0 0 0 0 0 1 1 0 1 0 1 0 0 0 1 0 1 0 0 0 1 0 1 0 0]
 [0 0 1 0 0 0 0 0 1 1 0 1 0 1 0 0 0 1 0 1 0 0 0 1 0 1 0]
 [0 0 0 1 0 0 0 0 0 1 1 0 1 0 1 0 0 0 1 0 1 0 0 0 1 0 1]
 [1 0 0 0 1 0 0 0 0 0 1 1 0 1 0 1 0 0 0 1 0 1 0 0 0 1 0]
 [0 1 0 0 0 1 0 0 0 0 0 1 1 0 1 0 1 0 0 0 1 0 1 0 0 0 1]
 [1 0 1 0 0 0 1 0 0 0 0 0 1 1 0 1 0 1 0 0 0 1 0 1 0 0 0]
 [0 1 0 1 0 0 0 1 0 0 0 0 0 1 1 0 1 0 1 0 0 0 1 0 1 0 0]
 [0 0 1 0 1 0 0 0 1 0 0 0 0 0 1 1 0 1 0 1 0 0 0 1 0 1 0]
 [0 0 0 1 0 1 0 0 0 1 0 0 0 0 0 1 1 0 1 0 1 0 0 0 1 0 1]
 [1 0 0 0 1 0 1 0 0 0 1 0 0 0 0 0 1 1 0 1 0 1 0 0 0 1 0]
 [0 1 0 0 0 1 0 1 0 0 0 1 0 0 0 0 0 1 1 0 1 0 1 0 0 0 1]
 [1 0 1 0 0 0 1 0 1 0 0 0 1 0 0 0 0 0 1 1 0 1 0 1 0 0 0]
 [0 1 0 1 0 0 0 1 0 1 0 0 0 1 0 0 0 0 0 1 1 0 1 0 1 0 0]
 [0 0 1 0 1 0 0 0 1 0 1 0 0 0 1 0 0 0 0 0 1 1 0 1 0 1 0]
 [0 0 0 1 0 1 0 0 0 1 0 1 0 0 0 1 0 0 0 0 0 1 1 0 1 0 1]
 [1 0 0 0 1 0 1 0 0 0 1 0 1 0 0 0 1 0 0 0 0 0 1 1 0 1 0]
 [0 1 0 0 0 1 0 1 0 0 0 1 0 1 0 0 0 1 0 0 0 0 0 1 1 0 1]
 [1 0 1 0 0 0 1 0 1 0 0 0 1 0 1 0 0 0 1 0 0 0 0 0 1 1 0]
 [0 1 0 1 0 0 0 1 0 1 0 0 0 1 0 1 0 0 0 1 0 0 0 0 0 1 1]
 [1 0 1 0 1 0 0 0 1 0 1 0 0 0 1 0 1 0 0 0 1 0 0 0 0 0 1]
 [1 1 0 1 0 1 0 0 0 1 0 1 0 0 0 1 0 1 0 0 0 1 0 0 0 0 0]]

The Hamiltonian cycles start here:
The difference is 1
1 30 2 31 3 32 4 33 5 34 6 35 7 36 8 37 9 38 10 39 11 40 12 41 13 42 14 43 15 44 16 45 17 46 18 47 19 48 20 49 21 50 22 51 23 52 24 53 25 54 26 28 27 29 1
The difference is 2
1 34 3 36 5 38 7 40 9 42 11 44 13 46 15 48 17 50 19 52 21 54 23 29 25 31 27 33 2 35 4 37 6 39 8 41 10 43 12 45 14 47 16 49 18 51 20 53 22 28 24 30 26 32 1
The difference is 2
1 40 3 42 5 44 7 46 9 48 11 50 13 52 15 54 17 29 19 31 21 33 23 35 25 37 27 39 2 41 4 43 6 45 8 47 10 49 12 51 14 53 16 28 18 30 20 32 22 34 24 36 26 38 1
The difference is 2
1 46 3 48 5 50 7 52 9 54 11 29 13 31 15 33 17 35 19 37 21 39 23 41 25 43 27 45 2 47 4 49 6 51 8 53 10 28 12 30 14 32 16 34 18 36 20 38 22 40 24 42 26 44 1
The number of hamiltonian cycles is 4

The cycles of size 27 start here: 
The number of cycles with size 27 is 0

The number of disjoint edges is 27


The value of n is 28
The adjacency matrix (C) is:
[[0 1 1 0 1 0 1 0 0 0 1 0 1 0 0 0 1 0 1 0 0 0 1 0 0 0 0 0]
 [0 0 1 1 0 1 0 1 0 0 0 1 0 1 0 0 0 1 0 1 0 0 0 1 0 0 0 0]
 [0 0 0 1 1 0 1 0 1 0 0 0 1 0 1 0 0 0 1 0 1 0 0 0 1 0 0 0]
 [0 0 0 0 1 1 0 1 0 1 0 0 0 1 0 1 0 0 0 1 0 1 0 0 0 1 0 0]
 [0 0 0 0 0 1 1 0 1 0 1 0 0 0 1 0 1 0 0 0 1 0 1 0 0 0 1 0]
 [0 0 0 0 0 0 1 1 0 1 0 1 0 0 0 1 0 1 0 0 0 1 0 1 0 0 0 1]
 [1 0 0 0 0 0 0 1 1 0 1 0 1 0 0 0 1 0 1 0 0 0 1 0 1 0 0 0]
 [0 1 0 0 0 0 0 0 1 1 0 1 0 1 0 0 0 1 0 1 0 0 0 1 0 1 0 0]
 [0 0 1 0 0 0 0 0 0 1 1 0 1 0 1 0 0 0 1 0 1 0 0 0 1 0 1 0]
 [0 0 0 1 0 0 0 0 0 0 1 1 0 1 0 1 0 0 0 1 0 1 0 0 0 1 0 1]
 [1 0 0 0 1 0 0 0 0 0 0 1 1 0 1 0 1 0 0 0 1 0 1 0 0 0 1 0]
 [0 1 0 0 0 1 0 0 0 0 0 0 1 1 0 1 0 1 0 0 0 1 0 1 0 0 0 1]
 [1 0 1 0 0 0 1 0 0 0 0 0 0 1 1 0 1 0 1 0 0 0 1 0 1 0 0 0]
 [0 1 0 1 0 0 0 1 0 0 0 0 0 0 1 1 0 1 0 1 0 0 0 1 0 1 0 0]
 [0 0 1 0 1 0 0 0 1 0 0 0 0 0 0 1 1 0 1 0 1 0 0 0 1 0 1 0]
 [0 0 0 1 0 1 0 0 0 1 0 0 0 0 0 0 1 1 0 1 0 1 0 0 0 1 0 1]
 [1 0 0 0 1 0 1 0 0 0 1 0 0 0 0 0 0 1 1 0 1 0 1 0 0 0 1 0]
 [0 1 0 0 0 1 0 1 0 0 0 1 0 0 0 0 0 0 1 1 0 1 0 1 0 0 0 1]
 [1 0 1 0 0 0 1 0 1 0 0 0 1 0 0 0 0 0 0 1 1 0 1 0 1 0 0 0]
 [0 1 0 1 0 0 0 1 0 1 0 0 0 1 0 0 0 0 0 0 1 1 0 1 0 1 0 0]
 [0 0 1 0 1 0 0 0 1 0 1 0 0 0 1 0 0 0 0 0 0 1 1 0 1 0 1 0]
 [0 0 0 1 0 1 0 0 0 1 0 1 0 0 0 1 0 0 0 0 0 0 1 1 0 1 0 1]
 [1 0 0 0 1 0 1 0 0 0 1 0 1 0 0 0 1 0 0 0 0 0 0 1 1 0 1 0]
 [0 1 0 0 0 1 0 1 0 0 0 1 0 1 0 0 0 1 0 0 0 0 0 0 1 1 0 1]
 [1 0 1 0 0 0 1 0 1 0 0 0 1 0 1 0 0 0 1 0 0 0 0 0 0 1 1 0]
 [0 1 0 1 0 0 0 1 0 1 0 0 0 1 0 1 0 0 0 1 0 0 0 0 0 0 1 1]
 [1 0 1 0 1 0 0 0 1 0 1 0 0 0 1 0 1 0 0 0 1 0 0 0 0 0 0 1]
 [1 1 0 1 0 1 0 0 0 1 0 1 0 0 0 1 0 1 0 0 0 1 0 0 0 0 0 0]]

The Hamiltonian cycles start here:
The difference is 1
1 31 2 32 3 33 4 34 5 35 6 36 7 37 8 38 9 39 10 40 11 41 12 42 13 43 14 44 15 45 16 46 17 47 18 48 19 49 20 50 21 51 22 52 23 53 24 54 25 55 26 56 27 29 28 30 1
The number of hamiltonian cycles is 1

The cycles of size 28 start here: 
The difference is 2
1 35 3 37 5 39 7 41 9 43 11 45 13 47 15 49 17 51 19 53 21 55 23 29 25 31 27 33 1
The difference is 2
1 41 3 43 5 45 7 47 9 49 11 51 13 53 15 55 17 29 19 31 21 33 23 35 25 37 27 39 1
The difference is 2
1 47 3 49 5 51 7 53 9 55 11 29 13 31 15 33 17 35 19 37 21 39 23 41 25 43 27 45 1
The difference is 2
2 36 4 38 6 40 8 42 10 44 12 46 14 48 16 50 18 52 20 54 22 56 24 30 26 32 28 34 2
The difference is 2
2 42 4 44 6 46 8 48 10 50 12 52 14 54 16 56 18 30 20 32 22 34 24 36 26 38 28 40 2
The difference is 2
2 48 4 50 6 52 8 54 10 56 12 30 14 32 16 34 18 36 20 38 22 40 24 42 26 44 28 46 2
The number of cycles with size 28 is 6

The number of disjoint edges is 28


The value of n is 29
The adjacency matrix (C) is:
[[0 1 1 0 1 0 1 0 0 0 1 0 1 0 0 0 1 0 1 0 0 0 1 0 0 0 0 0 1]
 [1 0 1 1 0 1 0 1 0 0 0 1 0 1 0 0 0 1 0 1 0 0 0 1 0 0 0 0 0]
 [0 1 0 1 1 0 1 0 1 0 0 0 1 0 1 0 0 0 1 0 1 0 0 0 1 0 0 0 0]
 [0 0 1 0 1 1 0 1 0 1 0 0 0 1 0 1 0 0 0 1 0 1 0 0 0 1 0 0 0]
 [0 0 0 1 0 1 1 0 1 0 1 0 0 0 1 0 1 0 0 0 1 0 1 0 0 0 1 0 0]
 [0 0 0 0 1 0 1 1 0 1 0 1 0 0 0 1 0 1 0 0 0 1 0 1 0 0 0 1 0]
 [0 0 0 0 0 1 0 1 1 0 1 0 1 0 0 0 1 0 1 0 0 0 1 0 1 0 0 0 1]
 [1 0 0 0 0 0 1 0 1 1 0 1 0 1 0 0 0 1 0 1 0 0 0 1 0 1 0 0 0]
 [0 1 0 0 0 0 0 1 0 1 1 0 1 0 1 0 0 0 1 0 1 0 0 0 1 0 1 0 0]
 [0 0 1 0 0 0 0 0 1 0 1 1 0 1 0 1 0 0 0 1 0 1 0 0 0 1 0 1 0]
 [0 0 0 1 0 0 0 0 0 1 0 1 1 0 1 0 1 0 0 0 1 0 1 0 0 0 1 0 1]
 [1 0 0 0 1 0 0 0 0 0 1 0 1 1 0 1 0 1 0 0 0 1 0 1 0 0 0 1 0]
 [0 1 0 0 0 1 0 0 0 0 0 1 0 1 1 0 1 0 1 0 0 0 1 0 1 0 0 0 1]
 [1 0 1 0 0 0 1 0 0 0 0 0 1 0 1 1 0 1 0 1 0 0 0 1 0 1 0 0 0]
 [0 1 0 1 0 0 0 1 0 0 0 0 0 1 0 1 1 0 1 0 1 0 0 0 1 0 1 0 0]
 [0 0 1 0 1 0 0 0 1 0 0 0 0 0 1 0 1 1 0 1 0 1 0 0 0 1 0 1 0]
 [0 0 0 1 0 1 0 0 0 1 0 0 0 0 0 1 0 1 1 0 1 0 1 0 0 0 1 0 1]
 [1 0 0 0 1 0 1 0 0 0 1 0 0 0 0 0 1 0 1 1 0 1 0 1 0 0 0 1 0]
 [0 1 0 0 0 1 0 1 0 0 0 1 0 0 0 0 0 1 0 1 1 0 1 0 1 0 0 0 1]
 [1 0 1 0 0 0 1 0 1 0 0 0 1 0 0 0 0 0 1 0 1 1 0 1 0 1 0 0 0]
 [0 1 0 1 0 0 0 1 0 1 0 0 0 1 0 0 0 0 0 1 0 1 1 0 1 0 1 0 0]
 [0 0 1 0 1 0 0 0 1 0 1 0 0 0 1 0 0 0 0 0 1 0 1 1 0 1 0 1 0]
 [0 0 0 1 0 1 0 0 0 1 0 1 0 0 0 1 0 0 0 0 0 1 0 1 1 0 1 0 1]
 [1 0 0 0 1 0 1 0 0 0 1 0 1 0 0 0 1 0 0 0 0 0 1 0 1 1 0 1 0]
 [0 1 0 0 0 1 0 1 0 0 0 1 0 1 0 0 0 1 0 0 0 0 0 1 0 1 1 0 1]
 [1 0 1 0 0 0 1 0 1 0 0 0 1 0 1 0 0 0 1 0 0 0 0 0 1 0 1 1 0]
 [0 1 0 1 0 0 0 1 0 1 0 0 0 1 0 1 0 0 0 1 0 0 0 0 0 1 0 1 1]
 [1 0 1 0 1 0 0 0 1 0 1 0 0 0 1 0 1 0 0 0 1 0 0 0 0 0 1 0 1]
 [1 1 0 1 0 1 0 0 0 1 0 1 0 0 0 1 0 1 0 0 0 1 0 0 0 0 0 1 0]]

The Hamiltonian cycles start here:
The difference is 1
1 32 2 33 3 34 4 35 5 36 6 37 7 38 8 39 9 40 10 41 11 42 12 43 13 44 14 45 15 46 16 47 17 48 18 49 19 50 20 51 21 52 22 53 23 54 24 55 25 56 26 57 27 58 28 30 29 31 1
The difference is 2
1 36 3 38 5 40 7 42 9 44 11 46 13 48 15 50 17 52 19 54 21 56 23 58 25 31 27 33 29 35 2 37 4 39 6 41 8 43 10 45 12 47 14 49 16 51 18 53 20 55 22 57 24 30 26 32 28 34 1
The difference is 2
1 42 3 44 5 46 7 48 9 50 11 52 13 54 15 56 17 58 19 31 21 33 23 35 25 37 27 39 29 41 2 43 4 45 6 47 8 49 10 51 12 53 14 55 16 57 18 30 20 32 22 34 24 36 26 38 28 40 1
The difference is 2
1 48 3 50 5 52 7 54 9 56 11 58 13 31 15 33 17 35 19 37 21 39 23 41 25 43 27 45 29 47 2 49 4 51 6 53 8 55 10 57 12 30 14 32 16 34 18 36 20 38 22 40 24 42 26 44 28 46 1
The difference is 23
1 52 24 46 18 40 12 34 6 57 29 51 23 45 17 39 11 33 5 56 28 50 22 44 16 38 10 32 4 55 27 49 21 43 15 37 9 31 3 54 26 48 20 42 14 36 8 30 2 53 25 47 19 41 13 35 7 58 1
The number of hamiltonian cycles is 5

The cycles of size 29 start here: 
The number of cycles with size 29 is 0

The number of disjoint edges is 0


The value of n is 30
The adjacency matrix (C) is:
[[0 1 1 0 1 0 1 0 0 0 1 0 1 0 0 0 1 0 1 0 0 0 1 0 0 0 0 0 1 0]
 [0 0 1 1 0 1 0 1 0 0 0 1 0 1 0 0 0 1 0 1 0 0 0 1 0 0 0 0 0 1]
 [1 0 0 1 1 0 1 0 1 0 0 0 1 0 1 0 0 0 1 0 1 0 0 0 1 0 0 0 0 0]
 [0 1 0 0 1 1 0 1 0 1 0 0 0 1 0 1 0 0 0 1 0 1 0 0 0 1 0 0 0 0]
 [0 0 1 0 0 1 1 0 1 0 1 0 0 0 1 0 1 0 0 0 1 0 1 0 0 0 1 0 0 0]
 [0 0 0 1 0 0 1 1 0 1 0 1 0 0 0 1 0 1 0 0 0 1 0 1 0 0 0 1 0 0]
 [0 0 0 0 1 0 0 1 1 0 1 0 1 0 0 0 1 0 1 0 0 0 1 0 1 0 0 0 1 0]
 [0 0 0 0 0 1 0 0 1 1 0 1 0 1 0 0 0 1 0 1 0 0 0 1 0 1 0 0 0 1]
 [1 0 0 0 0 0 1 0 0 1 1 0 1 0 1 0 0 0 1 0 1 0 0 0 1 0 1 0 0 0]
 [0 1 0 0 0 0 0 1 0 0 1 1 0 1 0 1 0 0 0 1 0 1 0 0 0 1 0 1 0 0]
 [0 0 1 0 0 0 0 0 1 0 0 1 1 0 1 0 1 0 0 0 1 0 1 0 0 0 1 0 1 0]
 [0 0 0 1 0 0 0 0 0 1 0 0 1 1 0 1 0 1 0 0 0 1 0 1 0 0 0 1 0 1]
 [1 0 0 0 1 0 0 0 0 0 1 0 0 1 1 0 1 0 1 0 0 0 1 0 1 0 0 0 1 0]
 [0 1 0 0 0 1 0 0 0 0 0 1 0 0 1 1 0 1 0 1 0 0 0 1 0 1 0 0 0 1]
 [1 0 1 0 0 0 1 0 0 0 0 0 1 0 0 1 1 0 1 0 1 0 0 0 1 0 1 0 0 0]
 [0 1 0 1 0 0 0 1 0 0 0 0 0 1 0 0 1 1 0 1 0 1 0 0 0 1 0 1 0 0]
 [0 0 1 0 1 0 0 0 1 0 0 0 0 0 1 0 0 1 1 0 1 0 1 0 0 0 1 0 1 0]
 [0 0 0 1 0 1 0 0 0 1 0 0 0 0 0 1 0 0 1 1 0 1 0 1 0 0 0 1 0 1]
 [1 0 0 0 1 0 1 0 0 0 1 0 0 0 0 0 1 0 0 1 1 0 1 0 1 0 0 0 1 0]
 [0 1 0 0 0 1 0 1 0 0 0 1 0 0 0 0 0 1 0 0 1 1 0 1 0 1 0 0 0 1]
 [1 0 1 0 0 0 1 0 1 0 0 0 1 0 0 0 0 0 1 0 0 1 1 0 1 0 1 0 0 0]
 [0 1 0 1 0 0 0 1 0 1 0 0 0 1 0 0 0 0 0 1 0 0 1 1 0 1 0 1 0 0]
 [0 0 1 0 1 0 0 0 1 0 1 0 0 0 1 0 0 0 0 0 1 0 0 1 1 0 1 0 1 0]
 [0 0 0 1 0 1 0 0 0 1 0 1 0 0 0 1 0 0 0 0 0 1 0 0 1 1 0 1 0 1]
 [1 0 0 0 1 0 1 0 0 0 1 0 1 0 0 0 1 0 0 0 0 0 1 0 0 1 1 0 1 0]
 [0 1 0 0 0 1 0 1 0 0 0 1 0 1 0 0 0 1 0 0 0 0 0 1 0 0 1 1 0 1]
 [1 0 1 0 0 0 1 0 1 0 0 0 1 0 1 0 0 0 1 0 0 0 0 0 1 0 0 1 1 0]
 [0 1 0 1 0 0 0 1 0 1 0 0 0 1 0 1 0 0 0 1 0 0 0 0 0 1 0 0 1 1]
 [1 0 1 0 1 0 0 0 1 0 1 0 0 0 1 0 1 0 0 0 1 0 0 0 0 0 1 0 0 1]
 [1 1 0 1 0 1 0 0 0 1 0 1 0 0 0 1 0 1 0 0 0 1 0 0 0 0 0 1 0 0]]

The Hamiltonian cycles start here:
The difference is 1
1 33 2 34 3 35 4 36 5 37 6 38 7 39 8 40 9 41 10 42 11 43 12 44 13 45 14 46 15 47 16 48 17 49 18 50 19 51 20 52 21 53 22 54 23 55 24 56 25 57 26 58 27 59 28 60 29 31 30 32 1
The number of hamiltonian cycles is 1

The cycles of size 30 start here: 
The difference is 2
1 37 3 39 5 41 7 43 9 45 11 47 13 49 15 51 17 53 19 55 21 57 23 59 25 31 27 33 29 35 1
The difference is 2
1 43 3 45 5 47 7 49 9 51 11 53 13 55 15 57 17 59 19 31 21 33 23 35 25 37 27 39 29 41 1
The difference is 2
1 49 3 51 5 53 7 55 9 57 11 59 13 31 15 33 17 35 19 37 21 39 23 41 25 43 27 45 29 47 1
The difference is 2
2 38 4 40 6 42 8 44 10 46 12 48 14 50 16 52 18 54 20 56 22 58 24 60 26 32 28 34 30 36 2
The difference is 2
2 44 4 46 6 48 8 50 10 52 12 54 14 56 16 58 18 60 20 32 22 34 24 36 26 38 28 40 30 42 2
The difference is 2
2 50 4 52 6 54 8 56 10 58 12 60 14 32 16 34 18 36 20 38 22 40 24 42 26 44 28 46 30 48 2
The number of cycles with size 30 is 6

The number of disjoint edges is 60


The value of n is 31
The adjacency matrix (C) is:
[[0 1 1 0 1 0 1 0 0 0 1 0 1 0 0 0 1 0 1 0 0 0 1 0 0 0 0 0 1 0 1]
 [1 0 1 1 0 1 0 1 0 0 0 1 0 1 0 0 0 1 0 1 0 0 0 1 0 0 0 0 0 1 0]
 [0 1 0 1 1 0 1 0 1 0 0 0 1 0 1 0 0 0 1 0 1 0 0 0 1 0 0 0 0 0 1]
 [1 0 1 0 1 1 0 1 0 1 0 0 0 1 0 1 0 0 0 1 0 1 0 0 0 1 0 0 0 0 0]
 [0 1 0 1 0 1 1 0 1 0 1 0 0 0 1 0 1 0 0 0 1 0 1 0 0 0 1 0 0 0 0]
 [0 0 1 0 1 0 1 1 0 1 0 1 0 0 0 1 0 1 0 0 0 1 0 1 0 0 0 1 0 0 0]
 [0 0 0 1 0 1 0 1 1 0 1 0 1 0 0 0 1 0 1 0 0 0 1 0 1 0 0 0 1 0 0]
 [0 0 0 0 1 0 1 0 1 1 0 1 0 1 0 0 0 1 0 1 0 0 0 1 0 1 0 0 0 1 0]
 [0 0 0 0 0 1 0 1 0 1 1 0 1 0 1 0 0 0 1 0 1 0 0 0 1 0 1 0 0 0 1]
 [1 0 0 0 0 0 1 0 1 0 1 1 0 1 0 1 0 0 0 1 0 1 0 0 0 1 0 1 0 0 0]
 [0 1 0 0 0 0 0 1 0 1 0 1 1 0 1 0 1 0 0 0 1 0 1 0 0 0 1 0 1 0 0]
 [0 0 1 0 0 0 0 0 1 0 1 0 1 1 0 1 0 1 0 0 0 1 0 1 0 0 0 1 0 1 0]
 [0 0 0 1 0 0 0 0 0 1 0 1 0 1 1 0 1 0 1 0 0 0 1 0 1 0 0 0 1 0 1]
 [1 0 0 0 1 0 0 0 0 0 1 0 1 0 1 1 0 1 0 1 0 0 0 1 0 1 0 0 0 1 0]
 [0 1 0 0 0 1 0 0 0 0 0 1 0 1 0 1 1 0 1 0 1 0 0 0 1 0 1 0 0 0 1]
 [1 0 1 0 0 0 1 0 0 0 0 0 1 0 1 0 1 1 0 1 0 1 0 0 0 1 0 1 0 0 0]
 [0 1 0 1 0 0 0 1 0 0 0 0 0 1 0 1 0 1 1 0 1 0 1 0 0 0 1 0 1 0 0]
 [0 0 1 0 1 0 0 0 1 0 0 0 0 0 1 0 1 0 1 1 0 1 0 1 0 0 0 1 0 1 0]
 [0 0 0 1 0 1 0 0 0 1 0 0 0 0 0 1 0 1 0 1 1 0 1 0 1 0 0 0 1 0 1]
 [1 0 0 0 1 0 1 0 0 0 1 0 0 0 0 0 1 0 1 0 1 1 0 1 0 1 0 0 0 1 0]
 [0 1 0 0 0 1 0 1 0 0 0 1 0 0 0 0 0 1 0 1 0 1 1 0 1 0 1 0 0 0 1]
 [1 0 1 0 0 0 1 0 1 0 0 0 1 0 0 0 0 0 1 0 1 0 1 1 0 1 0 1 0 0 0]
 [0 1 0 1 0 0 0 1 0 1 0 0 0 1 0 0 0 0 0 1 0 1 0 1 1 0 1 0 1 0 0]
 [0 0 1 0 1 0 0 0 1 0 1 0 0 0 1 0 0 0 0 0 1 0 1 0 1 1 0 1 0 1 0]
 [0 0 0 1 0 1 0 0 0 1 0 1 0 0 0 1 0 0 0 0 0 1 0 1 0 1 1 0 1 0 1]
 [1 0 0 0 1 0 1 0 0 0 1 0 1 0 0 0 1 0 0 0 0 0 1 0 1 0 1 1 0 1 0]
 [0 1 0 0 0 1 0 1 0 0 0 1 0 1 0 0 0 1 0 0 0 0 0 1 0 1 0 1 1 0 1]
 [1 0 1 0 0 0 1 0 1 0 0 0 1 0 1 0 0 0 1 0 0 0 0 0 1 0 1 0 1 1 0]
 [0 1 0 1 0 0 0 1 0 1 0 0 0 1 0 1 0 0 0 1 0 0 0 0 0 1 0 1 0 1 1]
 [1 0 1 0 1 0 0 0 1 0 1 0 0 0 1 0 1 0 0 0 1 0 0 0 0 0 1 0 1 0 1]
 [1 1 0 1 0 1 0 0 0 1 0 1 0 0 0 1 0 1 0 0 0 1 0 0 0 0 0 1 0 1 0]]

The Hamiltonian cycles start here:
The difference is 1
1 34 2 35 3 36 4 37 5 38 6 39 7 40 8 41 9 42 10 43 11 44 12 45 13 46 14 47 15 48 16 49 17 50 18 51 19 52 20 53 21 54 22 55 23 56 24 57 25 58 26 59 27 60 28 61 29 62 30 32 31 33 1
The difference is 2
1 38 3 40 5 42 7 44 9 46 11 48 13 50 15 52 17 54 19 56 21 58 23 60 25 62 27 33 29 35 31 37 2 39 4 41 6 43 8 45 10 47 12 49 14 51 16 53 18 55 20 57 22 59 24 61 26 32 28 34 30 36 1
The difference is 2
1 44 3 46 5 48 7 50 9 52 11 54 13 56 15 58 17 60 19 62 21 33 23 35 25 37 27 39 29 41 31 43 2 45 4 47 6 49 8 51 10 53 12 55 14 57 16 59 18 61 20 32 22 34 24 36 26 38 28 40 30 42 1
The difference is 2
1 50 3 52 5 54 7 56 9 58 11 60 13 62 15 33 17 35 19 37 21 39 23 41 25 43 27 45 29 47 31 49 2 51 4 53 6 55 8 57 10 59 12 61 14 32 16 34 18 36 20 38 22 40 24 42 26 44 28 46 30 48 1
The difference is 2
1 62 3 33 5 35 7 37 9 39 11 41 13 43 15 45 17 47 19 49 21 51 23 53 25 55 27 57 29 59 31 61 2 32 4 34 6 36 8 38 10 40 12 42 14 44 16 46 18 48 20 50 22 52 24 54 26 56 28 58 30 60 1
The number of hamiltonian cycles is 5

The cycles of size 31 start here: 
The number of cycles with size 31 is 0

The number of disjoint edges is 31


The value of n is 32
The adjacency matrix (C) is:
[[0 1 1 ... 0 1 0]
 [0 0 1 ... 1 0 1]
 [1 0 0 ... 0 1 0]
 ...
 [0 1 0 ... 0 1 1]
 [1 0 1 ... 0 0 1]
 [1 1 0 ... 1 0 0]]

The Hamiltonian cycles start here:
The difference is 1
1 35 2 36 3 37 4 38 5 39 6 40 7 41 8 42 9 43 10 44 11 45 12 46 13 47 14 48 15 49 16 50 17 51 18 52 19 53 20 54 21 55 22 56 23 57 24 58 25 59 26 60 27 61 28 62 29 63 30 64 31 33 32 34 1
The number of hamiltonian cycles is 1

The cycles of size 32 start here: 
The difference is 2
1 39 3 41 5 43 7 45 9 47 11 49 13 51 15 53 17 55 19 57 21 59 23 61 25 63 27 33 29 35 31 37 1
The difference is 2
1 45 3 47 5 49 7 51 9 53 11 55 13 57 15 59 17 61 19 63 21 33 23 35 25 37 27 39 29 41 31 43 1
The difference is 2
1 51 3 53 5 55 7 57 9 59 11 61 13 63 15 33 17 35 19 37 21 39 23 41 25 43 27 45 29 47 31 49 1
The difference is 2
1 63 3 33 5 35 7 37 9 39 11 41 13 43 15 45 17 47 19 49 21 51 23 53 25 55 27 57 29 59 31 61 1
The difference is 2
2 40 4 42 6 44 8 46 10 48 12 50 14 52 16 54 18 56 20 58 22 60 24 62 26 64 28 34 30 36 32 38 2
The difference is 2
2 46 4 48 6 50 8 52 10 54 12 56 14 58 16 60 18 62 20 64 22 34 24 36 26 38 28 40 30 42 32 44 2
The difference is 2
2 52 4 54 6 56 8 58 10 60 12 62 14 64 16 34 18 36 20 38 22 40 24 42 26 44 28 46 30 48 32 50 2
The difference is 2
2 64 4 34 6 36 8 38 10 40 12 42 14 44 16 46 18 48 20 50 22 52 24 54 26 56 28 58 30 60 32 62 2
The number of cycles with size 32 is 8

The number of disjoint edges is 32


The value of n is 33
The adjacency matrix (C) is:
[[0 1 1 ... 1 0 0]
 [0 0 1 ... 0 1 0]
 [0 0 0 ... 1 0 1]
 ...
 [0 1 0 ... 0 1 1]
 [1 0 1 ... 0 0 1]
 [1 1 0 ... 0 0 0]]

The Hamiltonian cycles start here:
The difference is 1
1 36 2 37 3 38 4 39 5 40 6 41 7 42 8 43 9 44 10 45 11 46 12 47 13 48 14 49 15 50 16 51 17 52 18 53 19 54 20 55 21 56 22 57 23 58 24 59 25 60 26 61 27 62 28 63 29 64 30 65 31 66 32 34 33 35 1
The difference is 2
1 40 3 42 5 44 7 46 9 48 11 50 13 52 15 54 17 56 19 58 21 60 23 62 25 64 27 66 29 35 31 37 33 39 2 41 4 43 6 45 8 47 10 49 12 51 14 53 16 55 18 57 20 59 22 61 24 63 26 65 28 34 30 36 32 38 1
The difference is 2
1 46 3 48 5 50 7 52 9 54 11 56 13 58 15 60 17 62 19 64 21 66 23 35 25 37 27 39 29 41 31 43 33 45 2 47 4 49 6 51 8 53 10 55 12 57 14 59 16 61 18 63 20 65 22 34 24 36 26 38 28 40 30 42 32 44 1
The difference is 2
1 52 3 54 5 56 7 58 9 60 11 62 13 64 15 66 17 35 19 37 21 39 23 41 25 43 27 45 29 47 31 49 33 51 2 53 4 55 6 57 8 59 10 61 12 63 14 65 16 34 18 36 20 38 22 40 24 42 26 44 28 46 30 48 32 50 1
The difference is 2
1 64 3 66 5 35 7 37 9 39 11 41 13 43 15 45 17 47 19 49 21 51 23 53 25 55 27 57 29 59 31 61 33 63 2 65 4 34 6 36 8 38 10 40 12 42 14 44 16 46 18 48 20 50 22 52 24 54 26 56 28 58 30 60 32 62 1
The number of hamiltonian cycles is 5

The cycles of size 33 start here: 
The number of cycles with size 33 is 0

The number of disjoint edges is 33


The value of n is 34
The adjacency matrix (C) is:
[[0 1 1 ... 0 0 0]
 [0 0 1 ... 1 0 0]
 [0 0 0 ... 0 1 0]
 ...
 [0 1 0 ... 0 1 1]
 [1 0 1 ... 0 0 1]
 [1 1 0 ... 0 0 0]]

The Hamiltonian cycles start here:
The difference is 1
1 37 2 38 3 39 4 40 5 41 6 42 7 43 8 44 9 45 10 46 11 47 12 48 13 49 14 50 15 51 16 52 17 53 18 54 19 55 20 56 21 57 22 58 23 59 24 60 25 61 26 62 27 63 28 64 29 65 30 66 31 67 32 68 33 35 34 36 1
The number of hamiltonian cycles is 1

The cycles of size 34 start here: 
The difference is 2
1 41 3 43 5 45 7 47 9 49 11 51 13 53 15 55 17 57 19 59 21 61 23 63 25 65 27 67 29 35 31 37 33 39 1
The difference is 2
1 47 3 49 5 51 7 53 9 55 11 57 13 59 15 61 17 63 19 65 21 67 23 35 25 37 27 39 29 41 31 43 33 45 1
The difference is 2
1 53 3 55 5 57 7 59 9 61 11 63 13 65 15 67 17 35 19 37 21 39 23 41 25 43 27 45 29 47 31 49 33 51 1
The difference is 2
1 65 3 67 5 35 7 37 9 39 11 41 13 43 15 45 17 47 19 49 21 51 23 53 25 55 27 57 29 59 31 61 33 63 1
The difference is 2
2 42 4 44 6 46 8 48 10 50 12 52 14 54 16 56 18 58 20 60 22 62 24 64 26 66 28 68 30 36 32 38 34 40 2
The difference is 2
2 48 4 50 6 52 8 54 10 56 12 58 14 60 16 62 18 64 20 66 22 68 24 36 26 38 28 40 30 42 32 44 34 46 2
The difference is 2
2 54 4 56 6 58 8 60 10 62 12 64 14 66 16 68 18 36 20 38 22 40 24 42 26 44 28 46 30 48 32 50 34 52 2
The difference is 2
2 66 4 68 6 36 8 38 10 40 12 42 14 44 16 46 18 48 20 50 22 52 24 54 26 56 28 58 30 60 32 62 34 64 2
The number of cycles with size 34 is 8

The number of disjoint edges is 34


The value of n is 35
The adjacency matrix (C) is:
[[0 1 1 ... 0 0 0]
 [0 0 1 ... 0 0 0]
 [0 0 0 ... 1 0 0]
 ...
 [0 1 0 ... 0 1 1]
 [1 0 1 ... 0 0 1]
 [1 1 0 ... 0 0 0]]

The Hamiltonian cycles start here:
The difference is 1
1 38 2 39 3 40 4 41 5 42 6 43 7 44 8 45 9 46 10 47 11 48 12 49 13 50 14 51 15 52 16 53 17 54 18 55 19 56 20 57 21 58 22 59 23 60 24 61 25 62 26 63 27 64 28 65 29 66 30 67 31 68 32 69 33 70 34 36 35 37 1
The difference is 2
1 42 3 44 5 46 7 48 9 50 11 52 13 54 15 56 17 58 19 60 21 62 23 64 25 66 27 68 29 70 31 37 33 39 35 41 2 43 4 45 6 47 8 49 10 51 12 53 14 55 16 57 18 59 20 61 22 63 24 65 26 67 28 69 30 36 32 38 34 40 1
The difference is 2
1 48 3 50 5 52 7 54 9 56 11 58 13 60 15 62 17 64 19 66 21 68 23 70 25 37 27 39 29 41 31 43 33 45 35 47 2 49 4 51 6 53 8 55 10 57 12 59 14 61 16 63 18 65 20 67 22 69 24 36 26 38 28 40 30 42 32 44 34 46 1
The difference is 2
1 54 3 56 5 58 7 60 9 62 11 64 13 66 15 68 17 70 19 37 21 39 23 41 25 43 27 45 29 47 31 49 33 51 35 53 2 55 4 57 6 59 8 61 10 63 12 65 14 67 16 69 18 36 20 38 22 40 24 42 26 44 28 46 30 48 32 50 34 52 1
The difference is 2
1 66 3 68 5 70 7 37 9 39 11 41 13 43 15 45 17 47 19 49 21 51 23 53 25 55 27 57 29 59 31 61 33 63 35 65 2 67 4 69 6 36 8 38 10 40 12 42 14 44 16 46 18 48 20 50 22 52 24 54 26 56 28 58 30 60 32 62 34 64 1
The number of hamiltonian cycles is 5

The cycles of size 35 start here: 
The number of cycles with size 35 is 0

The number of disjoint edges is 35


The value of n is 36
The adjacency matrix (C) is:
[[0 1 1 ... 0 0 0]
 [0 0 1 ... 0 0 0]
 [0 0 0 ... 0 0 0]
 ...
 [0 1 0 ... 0 1 1]
 [1 0 1 ... 0 0 1]
 [1 1 0 ... 0 0 0]]

The Hamiltonian cycles start here:
The difference is 1
1 39 2 40 3 41 4 42 5 43 6 44 7 45 8 46 9 47 10 48 11 49 12 50 13 51 14 52 15 53 16 54 17 55 18 56 19 57 20 58 21 59 22 60 23 61 24 62 25 63 26 64 27 65 28 66 29 67 30 68 31 69 32 70 33 71 34 72 35 37 36 38 1
The number of hamiltonian cycles is 1

The cycles of size 36 start here: 
The difference is 2
1 43 3 45 5 47 7 49 9 51 11 53 13 55 15 57 17 59 19 61 21 63 23 65 25 67 27 69 29 71 31 37 33 39 35 41 1
The difference is 2
1 49 3 51 5 53 7 55 9 57 11 59 13 61 15 63 17 65 19 67 21 69 23 71 25 37 27 39 29 41 31 43 33 45 35 47 1
The difference is 2
1 55 3 57 5 59 7 61 9 63 11 65 13 67 15 69 17 71 19 37 21 39 23 41 25 43 27 45 29 47 31 49 33 51 35 53 1
The difference is 2
1 67 3 69 5 71 7 37 9 39 11 41 13 43 15 45 17 47 19 49 21 51 23 53 25 55 27 57 29 59 31 61 33 63 35 65 1
The difference is 2
2 44 4 46 6 48 8 50 10 52 12 54 14 56 16 58 18 60 20 62 22 64 24 66 26 68 28 70 30 72 32 38 34 40 36 42 2
The difference is 2
2 50 4 52 6 54 8 56 10 58 12 60 14 62 16 64 18 66 20 68 22 70 24 72 26 38 28 40 30 42 32 44 34 46 36 48 2
The difference is 2
2 56 4 58 6 60 8 62 10 64 12 66 14 68 16 70 18 72 20 38 22 40 24 42 26 44 28 46 30 48 32 50 34 52 36 54 2
The difference is 2
2 68 4 70 6 72 8 38 10 40 12 42 14 44 16 46 18 48 20 50 22 52 24 54 26 56 28 58 30 60 32 62 34 64 36 66 2
The number of cycles with size 36 is 8

The number of disjoint edges is 36


The value of n is 37
The adjacency matrix (C) is:
[[0 1 1 ... 0 0 1]
 [1 0 1 ... 0 0 0]
 [0 1 0 ... 0 0 0]
 ...
 [0 1 0 ... 0 1 1]
 [1 0 1 ... 1 0 1]
 [1 1 0 ... 0 1 0]]

The Hamiltonian cycles start here:
The difference is 1
1 40 2 41 3 42 4 43 5 44 6 45 7 46 8 47 9 48 10 49 11 50 12 51 13 52 14 53 15 54 16 55 17 56 18 57 19 58 20 59 21 60 22 61 23 62 24 63 25 64 26 65 27 66 28 67 29 68 30 69 31 70 32 71 33 72 34 73 35 74 36 38 37 39 1
The difference is 2
1 44 3 46 5 48 7 50 9 52 11 54 13 56 15 58 17 60 19 62 21 64 23 66 25 68 27 70 29 72 31 74 33 39 35 41 37 43 2 45 4 47 6 49 8 51 10 53 12 55 14 57 16 59 18 61 20 63 22 65 24 67 26 69 28 71 30 73 32 38 34 40 36 42 1
The difference is 2
1 50 3 52 5 54 7 56 9 58 11 60 13 62 15 64 17 66 19 68 21 70 23 72 25 74 27 39 29 41 31 43 33 45 35 47 37 49 2 51 4 53 6 55 8 57 10 59 12 61 14 63 16 65 18 67 20 69 22 71 24 73 26 38 28 40 30 42 32 44 34 46 36 48 1
The difference is 2
1 56 3 58 5 60 7 62 9 64 11 66 13 68 15 70 17 72 19 74 21 39 23 41 25 43 27 45 29 47 31 49 33 51 35 53 37 55 2 57 4 59 6 61 8 63 10 65 12 67 14 69 16 71 18 73 20 38 22 40 24 42 26 44 28 46 30 48 32 50 34 52 36 54 1
The difference is 2
1 68 3 70 5 72 7 74 9 39 11 41 13 43 15 45 17 47 19 49 21 51 23 53 25 55 27 57 29 59 31 61 33 63 35 65 37 67 2 69 4 71 6 73 8 38 10 40 12 42 14 44 16 46 18 48 20 50 22 52 24 54 26 56 28 58 30 60 32 62 34 64 36 66 1
The difference is 23
1 60 24 46 10 69 33 55 19 41 5 64 28 50 14 73 37 59 23 45 9 68 32 54 18 40 4 63 27 49 13 72 36 58 22 44 8 67 31 53 17 39 3 62 26 48 12 71 35 57 21 43 7 66 30 52 16 38 2 61 25 47 11 70 34 56 20 42 6 65 29 51 15 74 1
The number of hamiltonian cycles is 6

The cycles of size 37 start here: 
The number of cycles with size 37 is 0

The number of disjoint edges is 0


The value of n is 38
The adjacency matrix (C) is:
[[0 1 1 ... 0 1 0]
 [0 0 1 ... 0 0 1]
 [1 0 0 ... 0 0 0]
 ...
 [0 1 0 ... 0 1 1]
 [1 0 1 ... 0 0 1]
 [1 1 0 ... 1 0 0]]

The Hamiltonian cycles start here:
The difference is 1
1 41 2 42 3 43 4 44 5 45 6 46 7 47 8 48 9 49 10 50 11 51 12 52 13 53 14 54 15 55 16 56 17 57 18 58 19 59 20 60 21 61 22 62 23 63 24 64 25 65 26 66 27 67 28 68 29 69 30 70 31 71 32 72 33 73 34 74 35 75 36 76 37 39 38 40 1
The number of hamiltonian cycles is 1

The cycles of size 38 start here: 
The difference is 2
1 45 3 47 5 49 7 51 9 53 11 55 13 57 15 59 17 61 19 63 21 65 23 67 25 69 27 71 29 73 31 75 33 39 35 41 37 43 1
The difference is 2
1 51 3 53 5 55 7 57 9 59 11 61 13 63 15 65 17 67 19 69 21 71 23 73 25 75 27 39 29 41 31 43 33 45 35 47 37 49 1
The difference is 2
1 57 3 59 5 61 7 63 9 65 11 67 13 69 15 71 17 73 19 75 21 39 23 41 25 43 27 45 29 47 31 49 33 51 35 53 37 55 1
The difference is 2
1 69 3 71 5 73 7 75 9 39 11 41 13 43 15 45 17 47 19 49 21 51 23 53 25 55 27 57 29 59 31 61 33 63 35 65 37 67 1
The difference is 2
2 46 4 48 6 50 8 52 10 54 12 56 14 58 16 60 18 62 20 64 22 66 24 68 26 70 28 72 30 74 32 76 34 40 36 42 38 44 2
The difference is 2
2 52 4 54 6 56 8 58 10 60 12 62 14 64 16 66 18 68 20 70 22 72 24 74 26 76 28 40 30 42 32 44 34 46 36 48 38 50 2
The difference is 2
2 58 4 60 6 62 8 64 10 66 12 68 14 70 16 72 18 74 20 76 22 40 24 42 26 44 28 46 30 48 32 50 34 52 36 54 38 56 2
The difference is 2
2 70 4 72 6 74 8 76 10 40 12 42 14 44 16 46 18 48 20 50 22 52 24 54 26 56 28 58 30 60 32 62 34 64 36 66 38 68 2
The number of cycles with size 38 is 8

The number of disjoint edges is 76


The value of n is 39
The adjacency matrix (C) is:
[[0 1 1 ... 1 0 0]
 [0 0 1 ... 0 1 0]
 [0 0 0 ... 0 0 1]
 ...
 [0 1 0 ... 0 1 1]
 [1 0 1 ... 0 0 1]
 [1 1 0 ... 0 0 0]]

The Hamiltonian cycles start here:
The difference is 1
1 42 2 43 3 44 4 45 5 46 6 47 7 48 8 49 9 50 10 51 11 52 12 53 13 54 14 55 15 56 16 57 17 58 18 59 19 60 20 61 21 62 22 63 23 64 24 65 25 66 26 67 27 68 28 69 29 70 30 71 31 72 32 73 33 74 34 75 35 76 36 77 37 78 38 40 39 41 1
The difference is 2
1 46 3 48 5 50 7 52 9 54 11 56 13 58 15 60 17 62 19 64 21 66 23 68 25 70 27 72 29 74 31 76 33 78 35 41 37 43 39 45 2 47 4 49 6 51 8 53 10 55 12 57 14 59 16 61 18 63 20 65 22 67 24 69 26 71 28 73 30 75 32 77 34 40 36 42 38 44 1
The difference is 2
1 52 3 54 5 56 7 58 9 60 11 62 13 64 15 66 17 68 19 70 21 72 23 74 25 76 27 78 29 41 31 43 33 45 35 47 37 49 39 51 2 53 4 55 6 57 8 59 10 61 12 63 14 65 16 67 18 69 20 71 22 73 24 75 26 77 28 40 30 42 32 44 34 46 36 48 38 50 1
The difference is 2
1 58 3 60 5 62 7 64 9 66 11 68 13 70 15 72 17 74 19 76 21 78 23 41 25 43 27 45 29 47 31 49 33 51 35 53 37 55 39 57 2 59 4 61 6 63 8 65 10 67 12 69 14 71 16 73 18 75 20 77 22 40 24 42 26 44 28 46 30 48 32 50 34 52 36 54 38 56 1
The difference is 2
1 70 3 72 5 74 7 76 9 78 11 41 13 43 15 45 17 47 19 49 21 51 23 53 25 55 27 57 29 59 31 61 33 63 35 65 37 67 39 69 2 71 4 73 6 75 8 77 10 40 12 42 14 44 16 46 18 48 20 50 22 52 24 54 26 56 28 58 30 60 32 62 34 64 36 66 38 68 1
The number of hamiltonian cycles is 5

The cycles of size 39 start here: 
The number of cycles with size 39 is 0

The number of disjoint edges is 78


The value of n is 40
The adjacency matrix (C) is:
[[0 1 1 ... 0 0 0]
 [0 0 1 ... 1 0 0]
 [0 0 0 ... 0 1 0]
 ...
 [0 1 0 ... 0 1 1]
 [1 0 1 ... 0 0 1]
 [1 1 0 ... 0 0 0]]

The Hamiltonian cycles start here:
The difference is 1
1 43 2 44 3 45 4 46 5 47 6 48 7 49 8 50 9 51 10 52 11 53 12 54 13 55 14 56 15 57 16 58 17 59 18 60 19 61 20 62 21 63 22 64 23 65 24 66 25 67 26 68 27 69 28 70 29 71 30 72 31 73 32 74 33 75 34 76 35 77 36 78 37 79 38 80 39 41 40 42 1
The number of hamiltonian cycles is 1

The cycles of size 40 start here: 
The difference is 2
1 47 3 49 5 51 7 53 9 55 11 57 13 59 15 61 17 63 19 65 21 67 23 69 25 71 27 73 29 75 31 77 33 79 35 41 37 43 39 45 1
The difference is 2
1 53 3 55 5 57 7 59 9 61 11 63 13 65 15 67 17 69 19 71 21 73 23 75 25 77 27 79 29 41 31 43 33 45 35 47 37 49 39 51 1
The difference is 2
1 59 3 61 5 63 7 65 9 67 11 69 13 71 15 73 17 75 19 77 21 79 23 41 25 43 27 45 29 47 31 49 33 51 35 53 37 55 39 57 1
The difference is 2
1 71 3 73 5 75 7 77 9 79 11 41 13 43 15 45 17 47 19 49 21 51 23 53 25 55 27 57 29 59 31 61 33 63 35 65 37 67 39 69 1
The difference is 2
2 48 4 50 6 52 8 54 10 56 12 58 14 60 16 62 18 64 20 66 22 68 24 70 26 72 28 74 30 76 32 78 34 80 36 42 38 44 40 46 2
The difference is 2
2 54 4 56 6 58 8 60 10 62 12 64 14 66 16 68 18 70 20 72 22 74 24 76 26 78 28 80 30 42 32 44 34 46 36 48 38 50 40 52 2
The difference is 2
2 60 4 62 6 64 8 66 10 68 12 70 14 72 16 74 18 76 20 78 22 80 24 42 26 44 28 46 30 48 32 50 34 52 36 54 38 56 40 58 2
The difference is 2
2 72 4 74 6 76 8 78 10 80 12 42 14 44 16 46 18 48 20 50 22 52 24 54 26 56 28 58 30 60 32 62 34 64 36 66 38 68 40 70 2
The number of cycles with size 40 is 8

The number of disjoint edges is 80


The value of n is 41
The adjacency matrix (C) is:
[[0 1 1 ... 0 0 1]
 [1 0 1 ... 0 0 0]
 [0 1 0 ... 1 0 0]
 ...
 [0 1 0 ... 0 1 1]
 [1 0 1 ... 1 0 1]
 [1 1 0 ... 0 1 0]]

The Hamiltonian cycles start here:
The difference is 1
1 44 2 45 3 46 4 47 5 48 6 49 7 50 8 51 9 52 10 53 11 54 12 55 13 56 14 57 15 58 16 59 17 60 18 61 19 62 20 63 21 64 22 65 23 66 24 67 25 68 26 69 27 70 28 71 29 72 30 73 31 74 32 75 33 76 34 77 35 78 36 79 37 80 38 81 39 82 40 42 41 43 1
The difference is 2
1 48 3 50 5 52 7 54 9 56 11 58 13 60 15 62 17 64 19 66 21 68 23 70 25 72 27 74 29 76 31 78 33 80 35 82 37 43 39 45 41 47 2 49 4 51 6 53 8 55 10 57 12 59 14 61 16 63 18 65 20 67 22 69 24 71 26 73 28 75 30 77 32 79 34 81 36 42 38 44 40 46 1
The difference is 2
1 54 3 56 5 58 7 60 9 62 11 64 13 66 15 68 17 70 19 72 21 74 23 76 25 78 27 80 29 82 31 43 33 45 35 47 37 49 39 51 41 53 2 55 4 57 6 59 8 61 10 63 12 65 14 67 16 69 18 71 20 73 22 75 24 77 26 79 28 81 30 42 32 44 34 46 36 48 38 50 40 52 1
The difference is 2
1 60 3 62 5 64 7 66 9 68 11 70 13 72 15 74 17 76 19 78 21 80 23 82 25 43 27 45 29 47 31 49 33 51 35 53 37 55 39 57 41 59 2 61 4 63 6 65 8 67 10 69 12 71 14 73 16 75 18 77 20 79 22 81 24 42 26 44 28 46 30 48 32 50 34 52 36 54 38 56 40 58 1
The difference is 2
1 72 3 74 5 76 7 78 9 80 11 82 13 43 15 45 17 47 19 49 21 51 23 53 25 55 27 57 29 59 31 61 33 63 35 65 37 67 39 69 41 71 2 73 4 75 6 77 8 79 10 81 12 42 14 44 16 46 18 48 20 50 22 52 24 54 26 56 28 58 30 60 32 62 34 64 36 66 38 68 40 70 1
The difference is 23
1 64 24 46 6 69 29 51 11 74 34 56 16 79 39 61 21 43 3 66 26 48 8 71 31 53 13 76 36 58 18 81 41 63 23 45 5 68 28 50 10 73 33 55 15 78 38 60 20 42 2 65 25 47 7 70 30 52 12 75 35 57 17 80 40 62 22 44 4 67 27 49 9 72 32 54 14 77 37 59 19 82 1
The number of hamiltonian cycles is 6

The cycles of size 41 start here: 
The number of cycles with size 41 is 0

The number of disjoint edges is 41


The value of n is 42
The adjacency matrix (C) is:
[[0 1 1 ... 0 1 0]
 [0 0 1 ... 0 0 1]
 [1 0 0 ... 0 0 0]
 ...
 [0 1 0 ... 0 1 1]
 [1 0 1 ... 0 0 1]
 [1 1 0 ... 1 0 0]]

The Hamiltonian cycles start here:
The difference is 1
1 45 2 46 3 47 4 48 5 49 6 50 7 51 8 52 9 53 10 54 11 55 12 56 13 57 14 58 15 59 16 60 17 61 18 62 19 63 20 64 21 65 22 66 23 67 24 68 25 69 26 70 27 71 28 72 29 73 30 74 31 75 32 76 33 77 34 78 35 79 36 80 37 81 38 82 39 83 40 84 41 43 42 44 1
The number of hamiltonian cycles is 1

The cycles of size 42 start here: 
The difference is 2
1 49 3 51 5 53 7 55 9 57 11 59 13 61 15 63 17 65 19 67 21 69 23 71 25 73 27 75 29 77 31 79 33 81 35 83 37 43 39 45 41 47 1
The difference is 2
1 55 3 57 5 59 7 61 9 63 11 65 13 67 15 69 17 71 19 73 21 75 23 77 25 79 27 81 29 83 31 43 33 45 35 47 37 49 39 51 41 53 1
The difference is 2
1 61 3 63 5 65 7 67 9 69 11 71 13 73 15 75 17 77 19 79 21 81 23 83 25 43 27 45 29 47 31 49 33 51 35 53 37 55 39 57 41 59 1
The difference is 2
1 73 3 75 5 77 7 79 9 81 11 83 13 43 15 45 17 47 19 49 21 51 23 53 25 55 27 57 29 59 31 61 33 63 35 65 37 67 39 69 41 71 1
The difference is 2
2 50 4 52 6 54 8 56 10 58 12 60 14 62 16 64 18 66 20 68 22 70 24 72 26 74 28 76 30 78 32 80 34 82 36 84 38 44 40 46 42 48 2
The difference is 2
2 56 4 58 6 60 8 62 10 64 12 66 14 68 16 70 18 72 20 74 22 76 24 78 26 80 28 82 30 84 32 44 34 46 36 48 38 50 40 52 42 54 2
The difference is 2
2 62 4 64 6 66 8 68 10 70 12 72 14 74 16 76 18 78 20 80 22 82 24 84 26 44 28 46 30 48 32 50 34 52 36 54 38 56 40 58 42 60 2
The difference is 2
2 74 4 76 6 78 8 80 10 82 12 84 14 44 16 46 18 48 20 50 22 52 24 54 26 56 28 58 30 60 32 62 34 64 36 66 38 68 40 70 42 72 2
The number of cycles with size 42 is 8

The number of disjoint edges is 126


The value of n is 43
The adjacency matrix (C) is:
[[0 1 1 ... 1 0 1]
 [1 0 1 ... 0 1 0]
 [0 1 0 ... 0 0 1]
 ...
 [0 1 0 ... 0 1 1]
 [1 0 1 ... 1 0 1]
 [1 1 0 ... 0 1 0]]

The Hamiltonian cycles start here:
The difference is 1
1 46 2 47 3 48 4 49 5 50 6 51 7 52 8 53 9 54 10 55 11 56 12 57 13 58 14 59 15 60 16 61 17 62 18 63 19 64 20 65 21 66 22 67 23 68 24 69 25 70 26 71 27 72 28 73 29 74 30 75 31 76 32 77 33 78 34 79 35 80 36 81 37 82 38 83 39 84 40 85 41 86 42 44 43 45 1
The difference is 2
1 50 3 52 5 54 7 56 9 58 11 60 13 62 15 64 17 66 19 68 21 70 23 72 25 74 27 76 29 78 31 80 33 82 35 84 37 86 39 45 41 47 43 49 2 51 4 53 6 55 8 57 10 59 12 61 14 63 16 65 18 67 20 69 22 71 24 73 26 75 28 77 30 79 32 81 34 83 36 85 38 44 40 46 42 48 1
The difference is 2
1 56 3 58 5 60 7 62 9 64 11 66 13 68 15 70 17 72 19 74 21 76 23 78 25 80 27 82 29 84 31 86 33 45 35 47 37 49 39 51 41 53 43 55 2 57 4 59 6 61 8 63 10 65 12 67 14 69 16 71 18 73 20 75 22 77 24 79 26 81 28 83 30 85 32 44 34 46 36 48 38 50 40 52 42 54 1
The difference is 2
1 62 3 64 5 66 7 68 9 70 11 72 13 74 15 76 17 78 19 80 21 82 23 84 25 86 27 45 29 47 31 49 33 51 35 53 37 55 39 57 41 59 43 61 2 63 4 65 6 67 8 69 10 71 12 73 14 75 16 77 18 79 20 81 22 83 24 85 26 44 28 46 30 48 32 50 34 52 36 54 38 56 40 58 42 60 1
The difference is 2
1 74 3 76 5 78 7 80 9 82 11 84 13 86 15 45 17 47 19 49 21 51 23 53 25 55 27 57 29 59 31 61 33 63 35 65 37 67 39 69 41 71 43 73 2 75 4 77 6 79 8 81 10 83 12 85 14 44 16 46 18 48 20 50 22 52 24 54 26 56 28 58 30 60 32 62 34 64 36 66 38 68 40 70 42 72 1
The difference is 2
1 86 3 45 5 47 7 49 9 51 11 53 13 55 15 57 17 59 19 61 21 63 23 65 25 67 27 69 29 71 31 73 33 75 35 77 37 79 39 81 41 83 43 85 2 44 4 46 6 48 8 50 10 52 12 54 14 56 16 58 18 60 20 62 22 64 24 66 26 68 28 70 30 72 32 74 34 76 36 78 38 80 40 82 42 84 1
The difference is 29
1 66 30 52 16 81 2 67 31 53 17 82 3 68 32 54 18 83 4 69 33 55 19 84 5 70 34 56 20 85 6 71 35 57 21 86 7 72 36 58 22 44 8 73 37 59 23 45 9 74 38 60 24 46 10 75 39 61 25 47 11 76 40 62 26 48 12 77 41 63 27 49 13 78 42 64 28 50 14 79 43 65 29 51 15 80 1
The number of hamiltonian cycles is 7

The cycles of size 43 start here: 
The number of cycles with size 43 is 0

The number of disjoint edges is 0


The value of n is 44
The adjacency matrix (C) is:
[[0 1 1 ... 0 1 0]
 [0 0 1 ... 1 0 1]
 [1 0 0 ... 0 1 0]
 ...
 [0 1 0 ... 0 1 1]
 [1 0 1 ... 0 0 1]
 [1 1 0 ... 1 0 0]]

The Hamiltonian cycles start here:
The difference is 1
1 47 2 48 3 49 4 50 5 51 6 52 7 53 8 54 9 55 10 56 11 57 12 58 13 59 14 60 15 61 16 62 17 63 18 64 19 65 20 66 21 67 22 68 23 69 24 70 25 71 26 72 27 73 28 74 29 75 30 76 31 77 32 78 33 79 34 80 35 81 36 82 37 83 38 84 39 85 40 86 41 87 42 88 43 45 44 46 1
The number of hamiltonian cycles is 1

The cycles of size 44 start here: 
The difference is 2
1 51 3 53 5 55 7 57 9 59 11 61 13 63 15 65 17 67 19 69 21 71 23 73 25 75 27 77 29 79 31 81 33 83 35 85 37 87 39 45 41 47 43 49 1
The difference is 2
1 57 3 59 5 61 7 63 9 65 11 67 13 69 15 71 17 73 19 75 21 77 23 79 25 81 27 83 29 85 31 87 33 45 35 47 37 49 39 51 41 53 43 55 1
The difference is 2
1 63 3 65 5 67 7 69 9 71 11 73 13 75 15 77 17 79 19 81 21 83 23 85 25 87 27 45 29 47 31 49 33 51 35 53 37 55 39 57 41 59 43 61 1
The difference is 2
1 75 3 77 5 79 7 81 9 83 11 85 13 87 15 45 17 47 19 49 21 51 23 53 25 55 27 57 29 59 31 61 33 63 35 65 37 67 39 69 41 71 43 73 1
The difference is 2
1 87 3 45 5 47 7 49 9 51 11 53 13 55 15 57 17 59 19 61 21 63 23 65 25 67 27 69 29 71 31 73 33 75 35 77 37 79 39 81 41 83 43 85 1
The difference is 2
2 52 4 54 6 56 8 58 10 60 12 62 14 64 16 66 18 68 20 70 22 72 24 74 26 76 28 78 30 80 32 82 34 84 36 86 38 88 40 46 42 48 44 50 2
The difference is 2
2 58 4 60 6 62 8 64 10 66 12 68 14 70 16 72 18 74 20 76 22 78 24 80 26 82 28 84 30 86 32 88 34 46 36 48 38 50 40 52 42 54 44 56 2
The difference is 2
2 64 4 66 6 68 8 70 10 72 12 74 14 76 16 78 18 80 20 82 22 84 24 86 26 88 28 46 30 48 32 50 34 52 36 54 38 56 40 58 42 60 44 62 2
The difference is 2
2 76 4 78 6 80 8 82 10 84 12 86 14 88 16 46 18 48 20 50 22 52 24 54 26 56 28 58 30 60 32 62 34 64 36 66 38 68 40 70 42 72 44 74 2
The difference is 2
2 88 4 46 6 48 8 50 10 52 12 54 14 56 16 58 18 60 20 62 22 64 24 66 26 68 28 70 30 72 32 74 34 76 36 78 38 80 40 82 42 84 44 86 2
The number of cycles with size 44 is 10

The number of disjoint edges is 88


The value of n is 45
The adjacency matrix (C) is:
[[0 1 1 ... 1 0 0]
 [0 0 1 ... 0 1 0]
 [0 0 0 ... 1 0 1]
 ...
 [0 1 0 ... 0 1 1]
 [1 0 1 ... 0 0 1]
 [1 1 0 ... 0 0 0]]

The Hamiltonian cycles start here:
The difference is 1
1 48 2 49 3 50 4 51 5 52 6 53 7 54 8 55 9 56 10 57 11 58 12 59 13 60 14 61 15 62 16 63 17 64 18 65 19 66 20 67 21 68 22 69 23 70 24 71 25 72 26 73 27 74 28 75 29 76 30 77 31 78 32 79 33 80 34 81 35 82 36 83 37 84 38 85 39 86 40 87 41 88 42 89 43 90 44 46 45 47 1
The difference is 2
1 52 3 54 5 56 7 58 9 60 11 62 13 64 15 66 17 68 19 70 21 72 23 74 25 76 27 78 29 80 31 82 33 84 35 86 37 88 39 90 41 47 43 49 45 51 2 53 4 55 6 57 8 59 10 61 12 63 14 65 16 67 18 69 20 71 22 73 24 75 26 77 28 79 30 81 32 83 34 85 36 87 38 89 40 46 42 48 44 50 1
The difference is 2
1 58 3 60 5 62 7 64 9 66 11 68 13 70 15 72 17 74 19 76 21 78 23 80 25 82 27 84 29 86 31 88 33 90 35 47 37 49 39 51 41 53 43 55 45 57 2 59 4 61 6 63 8 65 10 67 12 69 14 71 16 73 18 75 20 77 22 79 24 81 26 83 28 85 30 87 32 89 34 46 36 48 38 50 40 52 42 54 44 56 1
The difference is 2
1 64 3 66 5 68 7 70 9 72 11 74 13 76 15 78 17 80 19 82 21 84 23 86 25 88 27 90 29 47 31 49 33 51 35 53 37 55 39 57 41 59 43 61 45 63 2 65 4 67 6 69 8 71 10 73 12 75 14 77 16 79 18 81 20 83 22 85 24 87 26 89 28 46 30 48 32 50 34 52 36 54 38 56 40 58 42 60 44 62 1
The difference is 2
1 76 3 78 5 80 7 82 9 84 11 86 13 88 15 90 17 47 19 49 21 51 23 53 25 55 27 57 29 59 31 61 33 63 35 65 37 67 39 69 41 71 43 73 45 75 2 77 4 79 6 81 8 83 10 85 12 87 14 89 16 46 18 48 20 50 22 52 24 54 26 56 28 58 30 60 32 62 34 64 36 66 38 68 40 70 42 72 44 74 1
The difference is 2
1 88 3 90 5 47 7 49 9 51 11 53 13 55 15 57 17 59 19 61 21 63 23 65 25 67 27 69 29 71 31 73 33 75 35 77 37 79 39 81 41 83 43 85 45 87 2 89 4 46 6 48 8 50 10 52 12 54 14 56 16 58 18 60 20 62 22 64 24 66 26 68 28 70 30 72 32 74 34 76 36 78 38 80 40 82 42 84 44 86 1
The difference is 31
1 68 32 54 18 85 4 71 35 57 21 88 7 74 38 60 24 46 10 77 41 63 27 49 13 80 44 66 30 52 16 83 2 69 33 55 19 86 5 72 36 58 22 89 8 75 39 61 25 47 11 78 42 64 28 50 14 81 45 67 31 53 17 84 3 70 34 56 20 87 6 73 37 59 23 90 9 76 40 62 26 48 12 79 43 65 29 51 15 82 1
The number of hamiltonian cycles is 7

The cycles of size 45 start here: 
The number of cycles with size 45 is 0

The number of disjoint edges is 0


The value of n is 46
The adjacency matrix (C) is:
[[0 1 1 ... 0 0 0]
 [0 0 1 ... 1 0 0]
 [0 0 0 ... 0 1 0]
 ...
 [0 1 0 ... 0 1 1]
 [1 0 1 ... 0 0 1]
 [1 1 0 ... 0 0 0]]

The Hamiltonian cycles start here:
The difference is 1
1 49 2 50 3 51 4 52 5 53 6 54 7 55 8 56 9 57 10 58 11 59 12 60 13 61 14 62 15 63 16 64 17 65 18 66 19 67 20 68 21 69 22 70 23 71 24 72 25 73 26 74 27 75 28 76 29 77 30 78 31 79 32 80 33 81 34 82 35 83 36 84 37 85 38 86 39 87 40 88 41 89 42 90 43 91 44 92 45 47 46 48 1
The number of hamiltonian cycles is 1

The cycles of size 46 start here: 
The difference is 2
1 53 3 55 5 57 7 59 9 61 11 63 13 65 15 67 17 69 19 71 21 73 23 75 25 77 27 79 29 81 31 83 33 85 35 87 37 89 39 91 41 47 43 49 45 51 1
The difference is 2
1 59 3 61 5 63 7 65 9 67 11 69 13 71 15 73 17 75 19 77 21 79 23 81 25 83 27 85 29 87 31 89 33 91 35 47 37 49 39 51 41 53 43 55 45 57 1
The difference is 2
1 65 3 67 5 69 7 71 9 73 11 75 13 77 15 79 17 81 19 83 21 85 23 87 25 89 27 91 29 47 31 49 33 51 35 53 37 55 39 57 41 59 43 61 45 63 1
The difference is 2
1 77 3 79 5 81 7 83 9 85 11 87 13 89 15 91 17 47 19 49 21 51 23 53 25 55 27 57 29 59 31 61 33 63 35 65 37 67 39 69 41 71 43 73 45 75 1
The difference is 2
1 89 3 91 5 47 7 49 9 51 11 53 13 55 15 57 17 59 19 61 21 63 23 65 25 67 27 69 29 71 31 73 33 75 35 77 37 79 39 81 41 83 43 85 45 87 1
The difference is 2
2 54 4 56 6 58 8 60 10 62 12 64 14 66 16 68 18 70 20 72 22 74 24 76 26 78 28 80 30 82 32 84 34 86 36 88 38 90 40 92 42 48 44 50 46 52 2
The difference is 2
2 60 4 62 6 64 8 66 10 68 12 70 14 72 16 74 18 76 20 78 22 80 24 82 26 84 28 86 30 88 32 90 34 92 36 48 38 50 40 52 42 54 44 56 46 58 2
The difference is 2
2 66 4 68 6 70 8 72 10 74 12 76 14 78 16 80 18 82 20 84 22 86 24 88 26 90 28 92 30 48 32 50 34 52 36 54 38 56 40 58 42 60 44 62 46 64 2
The difference is 2
2 78 4 80 6 82 8 84 10 86 12 88 14 90 16 92 18 48 20 50 22 52 24 54 26 56 28 58 30 60 32 62 34 64 36 66 38 68 40 70 42 72 44 74 46 76 2
The difference is 2
2 90 4 92 6 48 8 50 10 52 12 54 14 56 16 58 18 60 20 62 22 64 24 66 26 68 28 70 30 72 32 74 34 76 36 78 38 80 40 82 42 84 44 86 46 88 2
The number of cycles with size 46 is 10

The number of disjoint edges is 92


The value of n is 47
The adjacency matrix (C) is:
[[0 1 1 ... 0 0 1]
 [1 0 1 ... 0 0 0]
 [0 1 0 ... 1 0 0]
 ...
 [0 1 0 ... 0 1 1]
 [1 0 1 ... 1 0 1]
 [1 1 0 ... 0 1 0]]

The Hamiltonian cycles start here:
The difference is 1
1 50 2 51 3 52 4 53 5 54 6 55 7 56 8 57 9 58 10 59 11 60 12 61 13 62 14 63 15 64 16 65 17 66 18 67 19 68 20 69 21 70 22 71 23 72 24 73 25 74 26 75 27 76 28 77 29 78 30 79 31 80 32 81 33 82 34 83 35 84 36 85 37 86 38 87 39 88 40 89 41 90 42 91 43 92 44 93 45 94 46 48 47 49 1
The difference is 2
1 54 3 56 5 58 7 60 9 62 11 64 13 66 15 68 17 70 19 72 21 74 23 76 25 78 27 80 29 82 31 84 33 86 35 88 37 90 39 92 41 94 43 49 45 51 47 53 2 55 4 57 6 59 8 61 10 63 12 65 14 67 16 69 18 71 20 73 22 75 24 77 26 79 28 81 30 83 32 85 34 87 36 89 38 91 40 93 42 48 44 50 46 52 1
The difference is 2
1 60 3 62 5 64 7 66 9 68 11 70 13 72 15 74 17 76 19 78 21 80 23 82 25 84 27 86 29 88 31 90 33 92 35 94 37 49 39 51 41 53 43 55 45 57 47 59 2 61 4 63 6 65 8 67 10 69 12 71 14 73 16 75 18 77 20 79 22 81 24 83 26 85 28 87 30 89 32 91 34 93 36 48 38 50 40 52 42 54 44 56 46 58 1
The difference is 2
1 66 3 68 5 70 7 72 9 74 11 76 13 78 15 80 17 82 19 84 21 86 23 88 25 90 27 92 29 94 31 49 33 51 35 53 37 55 39 57 41 59 43 61 45 63 47 65 2 67 4 69 6 71 8 73 10 75 12 77 14 79 16 81 18 83 20 85 22 87 24 89 26 91 28 93 30 48 32 50 34 52 36 54 38 56 40 58 42 60 44 62 46 64 1
The difference is 2
1 78 3 80 5 82 7 84 9 86 11 88 13 90 15 92 17 94 19 49 21 51 23 53 25 55 27 57 29 59 31 61 33 63 35 65 37 67 39 69 41 71 43 73 45 75 47 77 2 79 4 81 6 83 8 85 10 87 12 89 14 91 16 93 18 48 20 50 22 52 24 54 26 56 28 58 30 60 32 62 34 64 36 66 38 68 40 70 42 72 44 74 46 76 1
The difference is 2
1 90 3 92 5 94 7 49 9 51 11 53 13 55 15 57 17 59 19 61 21 63 23 65 25 67 27 69 29 71 31 73 33 75 35 77 37 79 39 81 41 83 43 85 45 87 47 89 2 91 4 93 6 48 8 50 10 52 12 54 14 56 16 58 18 60 20 62 22 64 24 66 26 68 28 70 30 72 32 74 34 76 36 78 38 80 40 82 42 84 44 86 46 88 1
The difference is 23
1 70 24 93 47 69 23 92 46 68 22 91 45 67 21 90 44 66 20 89 43 65 19 88 42 64 18 87 41 63 17 86 40 62 16 85 39 61 15 84 38 60 14 83 37 59 13 82 36 58 12 81 35 57 11 80 34 56 10 79 33 55 9 78 32 54 8 77 31 53 7 76 30 52 6 75 29 51 5 74 28 50 4 73 27 49 3 72 26 48 2 71 25 94 1
The number of hamiltonian cycles is 7

The cycles of size 47 start here: 
The number of cycles with size 47 is 0

The number of disjoint edges is 47


The value of n is 48
The adjacency matrix (C) is:
[[0 1 1 ... 0 1 0]
 [0 0 1 ... 0 0 1]
 [1 0 0 ... 0 0 0]
 ...
 [0 1 0 ... 0 1 1]
 [1 0 1 ... 0 0 1]
 [1 1 0 ... 1 0 0]]

The Hamiltonian cycles start here:
The difference is 1
1 51 2 52 3 53 4 54 5 55 6 56 7 57 8 58 9 59 10 60 11 61 12 62 13 63 14 64 15 65 16 66 17 67 18 68 19 69 20 70 21 71 22 72 23 73 24 74 25 75 26 76 27 77 28 78 29 79 30 80 31 81 32 82 33 83 34 84 35 85 36 86 37 87 38 88 39 89 40 90 41 91 42 92 43 93 44 94 45 95 46 96 47 49 48 50 1
The number of hamiltonian cycles is 1

The cycles of size 48 start here: 
The difference is 2
1 55 3 57 5 59 7 61 9 63 11 65 13 67 15 69 17 71 19 73 21 75 23 77 25 79 27 81 29 83 31 85 33 87 35 89 37 91 39 93 41 95 43 49 45 51 47 53 1
The difference is 2
1 61 3 63 5 65 7 67 9 69 11 71 13 73 15 75 17 77 19 79 21 81 23 83 25 85 27 87 29 89 31 91 33 93 35 95 37 49 39 51 41 53 43 55 45 57 47 59 1
The difference is 2
1 67 3 69 5 71 7 73 9 75 11 77 13 79 15 81 17 83 19 85 21 87 23 89 25 91 27 93 29 95 31 49 33 51 35 53 37 55 39 57 41 59 43 61 45 63 47 65 1
The difference is 2
1 79 3 81 5 83 7 85 9 87 11 89 13 91 15 93 17 95 19 49 21 51 23 53 25 55 27 57 29 59 31 61 33 63 35 65 37 67 39 69 41 71 43 73 45 75 47 77 1
The difference is 2
1 91 3 93 5 95 7 49 9 51 11 53 13 55 15 57 17 59 19 61 21 63 23 65 25 67 27 69 29 71 31 73 33 75 35 77 37 79 39 81 41 83 43 85 45 87 47 89 1
The difference is 2
2 56 4 58 6 60 8 62 10 64 12 66 14 68 16 70 18 72 20 74 22 76 24 78 26 80 28 82 30 84 32 86 34 88 36 90 38 92 40 94 42 96 44 50 46 52 48 54 2
The difference is 2
2 62 4 64 6 66 8 68 10 70 12 72 14 74 16 76 18 78 20 80 22 82 24 84 26 86 28 88 30 90 32 92 34 94 36 96 38 50 40 52 42 54 44 56 46 58 48 60 2
The difference is 2
2 68 4 70 6 72 8 74 10 76 12 78 14 80 16 82 18 84 20 86 22 88 24 90 26 92 28 94 30 96 32 50 34 52 36 54 38 56 40 58 42 60 44 62 46 64 48 66 2
The difference is 2
2 80 4 82 6 84 8 86 10 88 12 90 14 92 16 94 18 96 20 50 22 52 24 54 26 56 28 58 30 60 32 62 34 64 36 66 38 68 40 70 42 72 44 74 46 76 48 78 2
The difference is 2
2 92 4 94 6 96 8 50 10 52 12 54 14 56 16 58 18 60 20 62 22 64 24 66 26 68 28 70 30 72 32 74 34 76 36 78 38 80 40 82 42 84 44 86 46 88 48 90 2
The number of cycles with size 48 is 10

The number of disjoint edges is 144


The value of n is 49
The adjacency matrix (C) is:
[[0 1 1 ... 1 0 0]
 [0 0 1 ... 0 1 0]
 [0 0 0 ... 0 0 1]
 ...
 [0 1 0 ... 0 1 1]
 [1 0 1 ... 0 0 1]
 [1 1 0 ... 0 0 0]]

The Hamiltonian cycles start here:
The difference is 1
1 52 2 53 3 54 4 55 5 56 6 57 7 58 8 59 9 60 10 61 11 62 12 63 13 64 14 65 15 66 16 67 17 68 18 69 19 70 20 71 21 72 22 73 23 74 24 75 25 76 26 77 27 78 28 79 29 80 30 81 31 82 32 83 33 84 34 85 35 86 36 87 37 88 38 89 39 90 40 91 41 92 42 93 43 94 44 95 45 96 46 97 47 98 48 50 49 51 1
The difference is 2
1 56 3 58 5 60 7 62 9 64 11 66 13 68 15 70 17 72 19 74 21 76 23 78 25 80 27 82 29 84 31 86 33 88 35 90 37 92 39 94 41 96 43 98 45 51 47 53 49 55 2 57 4 59 6 61 8 63 10 65 12 67 14 69 16 71 18 73 20 75 22 77 24 79 26 81 28 83 30 85 32 87 34 89 36 91 38 93 40 95 42 97 44 50 46 52 48 54 1
The difference is 2
1 62 3 64 5 66 7 68 9 70 11 72 13 74 15 76 17 78 19 80 21 82 23 84 25 86 27 88 29 90 31 92 33 94 35 96 37 98 39 51 41 53 43 55 45 57 47 59 49 61 2 63 4 65 6 67 8 69 10 71 12 73 14 75 16 77 18 79 20 81 22 83 24 85 26 87 28 89 30 91 32 93 34 95 36 97 38 50 40 52 42 54 44 56 46 58 48 60 1
The difference is 2
1 68 3 70 5 72 7 74 9 76 11 78 13 80 15 82 17 84 19 86 21 88 23 90 25 92 27 94 29 96 31 98 33 51 35 53 37 55 39 57 41 59 43 61 45 63 47 65 49 67 2 69 4 71 6 73 8 75 10 77 12 79 14 81 16 83 18 85 20 87 22 89 24 91 26 93 28 95 30 97 32 50 34 52 36 54 38 56 40 58 42 60 44 62 46 64 48 66 1
The difference is 2
1 80 3 82 5 84 7 86 9 88 11 90 13 92 15 94 17 96 19 98 21 51 23 53 25 55 27 57 29 59 31 61 33 63 35 65 37 67 39 69 41 71 43 73 45 75 47 77 49 79 2 81 4 83 6 85 8 87 10 89 12 91 14 93 16 95 18 97 20 50 22 52 24 54 26 56 28 58 30 60 32 62 34 64 36 66 38 68 40 70 42 72 44 74 46 76 48 78 1
The difference is 2
1 92 3 94 5 96 7 98 9 51 11 53 13 55 15 57 17 59 19 61 21 63 23 65 25 67 27 69 29 71 31 73 33 75 35 77 37 79 39 81 41 83 43 85 45 87 47 89 49 91 2 93 4 95 6 97 8 50 10 52 12 54 14 56 16 58 18 60 20 62 22 64 24 66 26 68 28 70 30 72 32 74 34 76 36 78 38 80 40 82 42 84 44 86 46 88 48 90 1
The number of hamiltonian cycles is 6

The cycles of size 49 start here: 
The number of cycles with size 49 is 0

The number of disjoint edges is 147


The value of n is 50
The adjacency matrix (C) is:
[[0 1 1 ... 0 0 0]
 [0 0 1 ... 1 0 0]
 [0 0 0 ... 0 1 0]
 ...
 [0 1 0 ... 0 1 1]
 [1 0 1 ... 0 0 1]
 [1 1 0 ... 0 0 0]]

The Hamiltonian cycles start here:
The difference is 1
1 53 2 54 3 55 4 56 5 57 6 58 7 59 8 60 9 61 10 62 11 63 12 64 13 65 14 66 15 67 16 68 17 69 18 70 19 71 20 72 21 73 22 74 23 75 24 76 25 77 26 78 27 79 28 80 29 81 30 82 31 83 32 84 33 85 34 86 35 87 36 88 37 89 38 90 39 91 40 92 41 93 42 94 43 95 44 96 45 97 46 98 47 99 48 100 49 51 50 52 1
The number of hamiltonian cycles is 1

The cycles of size 50 start here: 
The difference is 2
1 57 3 59 5 61 7 63 9 65 11 67 13 69 15 71 17 73 19 75 21 77 23 79 25 81 27 83 29 85 31 87 33 89 35 91 37 93 39 95 41 97 43 99 45 51 47 53 49 55 1
The difference is 2
1 63 3 65 5 67 7 69 9 71 11 73 13 75 15 77 17 79 19 81 21 83 23 85 25 87 27 89 29 91 31 93 33 95 35 97 37 99 39 51 41 53 43 55 45 57 47 59 49 61 1
The difference is 2
1 69 3 71 5 73 7 75 9 77 11 79 13 81 15 83 17 85 19 87 21 89 23 91 25 93 27 95 29 97 31 99 33 51 35 53 37 55 39 57 41 59 43 61 45 63 47 65 49 67 1
The difference is 2
1 81 3 83 5 85 7 87 9 89 11 91 13 93 15 95 17 97 19 99 21 51 23 53 25 55 27 57 29 59 31 61 33 63 35 65 37 67 39 69 41 71 43 73 45 75 47 77 49 79 1
The difference is 2
1 93 3 95 5 97 7 99 9 51 11 53 13 55 15 57 17 59 19 61 21 63 23 65 25 67 27 69 29 71 31 73 33 75 35 77 37 79 39 81 41 83 43 85 45 87 47 89 49 91 1
The difference is 2
2 58 4 60 6 62 8 64 10 66 12 68 14 70 16 72 18 74 20 76 22 78 24 80 26 82 28 84 30 86 32 88 34 90 36 92 38 94 40 96 42 98 44 100 46 52 48 54 50 56 2
The difference is 2
2 64 4 66 6 68 8 70 10 72 12 74 14 76 16 78 18 80 20 82 22 84 24 86 26 88 28 90 30 92 32 94 34 96 36 98 38 100 40 52 42 54 44 56 46 58 48 60 50 62 2
The difference is 2
2 70 4 72 6 74 8 76 10 78 12 80 14 82 16 84 18 86 20 88 22 90 24 92 26 94 28 96 30 98 32 100 34 52 36 54 38 56 40 58 42 60 44 62 46 64 48 66 50 68 2
The difference is 2
2 82 4 84 6 86 8 88 10 90 12 92 14 94 16 96 18 98 20 100 22 52 24 54 26 56 28 58 30 60 32 62 34 64 36 66 38 68 40 70 42 72 44 74 46 76 48 78 50 80 2
The difference is 2
2 94 4 96 6 98 8 100 10 52 12 54 14 56 16 58 18 60 20 62 22 64 24 66 26 68 28 70 30 72 32 74 34 76 36 78 38 80 40 82 42 84 44 86 46 88 48 90 50 92 2
The number of cycles with size 50 is 10

The number of disjoint edges is 150


